One target
---------------------- T1 = W -> T2 = None -> T3 = None------------------------ 

 
 V_T1 = [[ 0.0815  0.0807  0.0825 ...  0.      0.      0.    ]
 [ 0.      0.      0.     ...  0.      0.      0.    ]
 [ 0.      0.      0.     ... -0.0657 -0.0677 -0.068 ]]
 
 V_T2 = None
 
 V_T3 = None
 
 M = [[0.     0.     0.     ... 0.     0.     0.    ]
 [0.     0.     0.     ... 0.0046 0.0048 0.0048]
 [0.0067 0.0066 0.0067 ... 0.     0.     0.    ]]
 
 m = [0.002  0.002  0.002  0.002  0.0021 0.0021 0.0019 0.002  0.002  0.002
 0.0021 0.002  0.0019 0.0021 0.0021 0.002  0.0022 0.0022 0.0018 0.0019
 0.0019 0.0021 0.0019 0.0019 0.002  0.002  0.002  0.0019 0.002  0.0019
 0.0019 0.002  0.0019 0.0021 0.0019 0.002  0.0018 0.0021 0.0021 0.0019
 0.002  0.0018 0.002  0.0019 0.0021 0.0019 0.002  0.0019 0.0021 0.002
 0.0019 0.0021 0.002  0.0021 0.0019 0.0021 0.0019 0.0021 0.0018 0.0019
 0.0019 0.0021 0.002  0.002  0.0019 0.0021 0.0022 0.0021 0.002  0.0021
 0.002  0.002  0.0022 0.0021 0.002  0.0021 0.0022 0.0022 0.002  0.0021
 0.002  0.0021 0.002  0.0019 0.0021 0.002  0.0018 0.0021 0.0021 0.0021
 0.0021 0.0018 0.0021 0.0019 0.002  0.0021 0.002  0.0019 0.002  0.0021
 0.0021 0.002  0.002  0.0019 0.0019 0.0019 0.002  0.0021 0.0019 0.0021
 0.0019 0.002  0.002  0.002  0.0018 0.0018 0.0019 0.0018 0.002  0.0019
 0.002  0.0019 0.0019 0.002  0.0019 0.0018 0.0021 0.0021 0.0021 0.0022
 0.002  0.0023 0.0019 0.0021 0.002  0.0019 0.002  0.0019 0.0021 0.0021
 0.002  0.0019 0.0021 0.0021 0.0019 0.002  0.002  0.0018 0.0021 0.0019
 0.002  0.0021 0.002  0.0018 0.0021 0.0022 0.002  0.0019 0.0018 0.0021
 0.0019 0.0019 0.002  0.0019 0.0018 0.0017 0.0021 0.0018 0.0021 0.0019
 0.0021 0.002  0.002  0.002  0.002  0.0022 0.002  0.0021 0.0019 0.002
 0.0021 0.002  0.002  0.002  0.002  0.0019 0.002  0.0022 0.0021 0.0021
 0.0021 0.002  0.0021 0.0021 0.002  0.0019 0.0021 0.0019 0.0019 0.0019
 0.0021 0.002  0.0018 0.002  0.0021 0.0022 0.0017 0.002  0.0019 0.002
 0.002  0.0021 0.0021 0.0019 0.002  0.002  0.0019 0.0022 0.0018 0.0021
 0.0021 0.0019 0.0021 0.002  0.0021 0.0018 0.0019 0.002  0.0019 0.0021
 0.0019 0.002  0.0019 0.002  0.0022 0.0019 0.0021 0.0021 0.002  0.002
 0.0019 0.0021 0.0021 0.002  0.002  0.0021 0.002  0.0021 0.0021 0.002
 0.002  0.002  0.002  0.002  0.002  0.002  0.0021 0.0019 0.0019 0.0019
 0.002  0.002  0.0022 0.002  0.0018 0.002  0.002  0.002  0.002  0.002
 0.002  0.0018 0.0022 0.002  0.0022 0.0021 0.0021 0.0021 0.0019 0.0019
 0.0019 0.0019 0.0021 0.0019 0.002  0.002  0.0019 0.002  0.002  0.0019
 0.002  0.0019 0.0023 0.0018 0.002  0.0021 0.0022 0.0021 0.002  0.002
 0.002  0.002  0.002  0.002  0.0021 0.0021 0.0019 0.002  0.002  0.002
 0.0021 0.002  0.0019 0.0021 0.0021 0.002  0.0022 0.0022 0.0018 0.0019
 0.0019 0.0021 0.0019 0.0019 0.002  0.002  0.002  0.0019 0.002  0.0019
 0.0019 0.002  0.0019 0.0021 0.0019 0.002  0.0018 0.0021 0.0021 0.0019
 0.002  0.0018 0.002  0.0019 0.0021 0.0019 0.002  0.0019 0.0021 0.002
 0.0019 0.0021 0.002  0.0021 0.0019 0.0021 0.0019 0.0021 0.0018 0.0019
 0.0019 0.0021 0.002  0.002  0.0019 0.0021 0.0022 0.0021 0.002  0.0021
 0.002  0.002  0.0022 0.0021 0.002  0.0021 0.0022 0.0022 0.002  0.0021
 0.002  0.0021 0.002  0.0019 0.0021 0.002  0.0018 0.0021 0.0021 0.0021
 0.0021 0.0018 0.0021 0.0019 0.002  0.0021 0.002  0.0019 0.002  0.0021
 0.0021 0.002  0.002  0.0019 0.0019 0.0019 0.002  0.0021 0.0019 0.0021
 0.0019 0.002  0.002  0.002  0.0018 0.0018 0.0019 0.0018 0.002  0.0019
 0.002  0.0019 0.0019 0.002  0.0019 0.0018 0.0021 0.0021 0.0021 0.0022
 0.002  0.0023 0.0019 0.0021 0.002  0.0019 0.002  0.0019 0.0021 0.0021
 0.002  0.0019 0.0021 0.0021 0.0019 0.002  0.002  0.0018 0.0021 0.0019
 0.002  0.0021 0.002  0.0018 0.0021 0.0022 0.002  0.0019 0.0018 0.0021
 0.0019 0.0019 0.002  0.0019 0.0018 0.0017 0.0021 0.0018 0.0021 0.0019
 0.0021 0.002  0.002  0.002  0.002  0.0022 0.002  0.0021 0.0019 0.002
 0.0021 0.002  0.002  0.002  0.002  0.0019 0.002  0.0022 0.0021 0.0021
 0.0021 0.002  0.0021 0.0021 0.002  0.0019 0.0021 0.0019 0.0019 0.0019]
 
 redW = M W M^+ =
[[ 2.0142e-01  0.0000e+00 -8.4820e-18]
 [ 0.0000e+00 -3.0210e-01 -6.7098e-20]
 [ 0.0000e+00  0.0000e+00  2.0138e-01]]
 
 spec(redW) = [ 0.2014 -0.3021  0.2014]
 
 redK = M K M^+ =
[[ 4.0361e+01  0.0000e+00 -1.7045e-15]
 [ 0.0000e+00  6.0328e+01  1.3869e-17]
 [ 0.0000e+00  0.0000e+00  4.0089e+01]]
 
 spec(redK) = [40.3605 60.3284 40.0885]
 
 redA = M A M^+ =
[[0.0000e+00 4.0245e+01 9.4671e-18]
 [3.0180e+01 0.0000e+00 2.9996e+01]
 [0.0000e+00 3.9990e+01 1.0201e-17]]
 
 spec(redA) = [-4.9134e+01  1.4173e-15  4.9134e+01]
 
 snmf_frobenius_error = 1.1224027786766684e-08
 
 onmf_frobenius_error = None
 
 onmf_ortho_error = None
 
 np.sqrt(||M W - M W M^+M ||^2) = 0.0

 
 np.sqrt(||M K - M K M^+M ||^2) = 0.0216

 
 np.sqrt(||M A - M A M^+M ||^2) = 0.0226

 
 reduction_matrix_has_rank_n = True
 
 reduction_matrix_is_normalized = True
 
 reduction_matrix_is_positive = True
 
 global reduction_matrix_is_normalized = True
 
 global reduction_matrix_is_positive = True
 ------------------------------------------------------------------------------




---------------------- T1 = K -> T2 = None -> T3 = None------------------------ 

 
 V_T1 = [[0.0947 0.0886 0.0947 ... 0.     0.     0.    ]
 [0.     0.     0.     ... 0.     0.     0.    ]
 [0.     0.     0.     ... 0.0594 0.0792 0.0629]]
 
 V_T2 = None
 
 V_T3 = None
 
 M = [[0.0078 0.0073 0.0078 ... 0.     0.     0.    ]
 [0.     0.     0.     ... 0.     0.     0.    ]
 [0.     0.     0.     ... 0.0042 0.0056 0.0045]]
 
 m = [0.0023 0.0022 0.0023 0.002  0.002  0.0017 0.0021 0.0018 0.0022 0.0018
 0.0019 0.0018 0.0019 0.0015 0.0018 0.0022 0.0017 0.0022 0.0022 0.0028
 0.0019 0.0021 0.0022 0.0015 0.0019 0.002  0.0019 0.0018 0.0021 0.002
 0.0021 0.002  0.0018 0.0019 0.0021 0.0016 0.0023 0.0021 0.0022 0.0017
 0.0018 0.0015 0.0023 0.0027 0.002  0.0018 0.0021 0.0018 0.0019 0.0024
 0.0017 0.002  0.0016 0.0016 0.0019 0.0019 0.0025 0.0017 0.0019 0.0019
 0.0023 0.002  0.002  0.0018 0.0021 0.0026 0.0025 0.0016 0.0017 0.0016
 0.0023 0.0021 0.0019 0.0018 0.0016 0.0018 0.0022 0.0024 0.0024 0.0018
 0.0013 0.002  0.0016 0.002  0.0022 0.0022 0.0019 0.0023 0.0019 0.0024
 0.0019 0.0022 0.0024 0.0021 0.002  0.0017 0.0018 0.002  0.0025 0.002
 0.0016 0.0026 0.0018 0.002  0.0017 0.0024 0.0022 0.0017 0.0022 0.002
 0.0019 0.0014 0.0021 0.0018 0.0018 0.002  0.002  0.0016 0.0019 0.0024
 0.0017 0.0017 0.0021 0.0022 0.0016 0.002  0.0016 0.0025 0.0016 0.002
 0.0023 0.0023 0.0024 0.0022 0.0014 0.0018 0.0018 0.0021 0.0016 0.002
 0.0022 0.0026 0.0018 0.0019 0.0017 0.0019 0.0022 0.0016 0.0017 0.0021
 0.0022 0.0023 0.0022 0.0016 0.002  0.002  0.002  0.0019 0.0018 0.0017
 0.0016 0.0017 0.0023 0.0022 0.0018 0.002  0.0015 0.0023 0.002  0.0017
 0.0022 0.0021 0.002  0.0024 0.0021 0.0019 0.0019 0.0016 0.0023 0.0021
 0.0014 0.0022 0.0023 0.0017 0.0021 0.0019 0.0018 0.002  0.0024 0.0028
 0.0018 0.002  0.0024 0.0023 0.002  0.0019 0.002  0.0019 0.0017 0.0017
 0.0025 0.002  0.0016 0.0018 0.0016 0.0022 0.0022 0.0017 0.0014 0.0024
 0.002  0.0017 0.0018 0.0015 0.002  0.0021 0.0029 0.002  0.0028 0.0023
 0.0019 0.0019 0.0022 0.0026 0.0025 0.0019 0.0018 0.0019 0.0019 0.0019
 0.0022 0.0018 0.0021 0.0019 0.0014 0.0021 0.0019 0.0023 0.0024 0.0018
 0.0016 0.0024 0.0022 0.0018 0.0016 0.0015 0.002  0.0016 0.0017 0.0021
 0.0025 0.002  0.0029 0.0021 0.0019 0.0025 0.0022 0.0023 0.0013 0.002
 0.002  0.0019 0.0015 0.0016 0.0019 0.0021 0.0017 0.002  0.0023 0.0018
 0.0016 0.0026 0.0018 0.002  0.002  0.0019 0.0021 0.002  0.0019 0.002
 0.0018 0.0022 0.0022 0.002  0.002  0.0023 0.0021 0.0018 0.0019 0.0017
 0.002  0.0019 0.002  0.0016 0.0017 0.0022 0.0024 0.0018 0.0021 0.0017
 0.0021 0.002  0.0021 0.0018 0.0021 0.0023 0.0021 0.0017 0.0018 0.0021
 0.0022 0.0017 0.0022 0.0024 0.0021 0.0021 0.0021 0.0025 0.0023 0.0022
 0.0017 0.0017 0.0021 0.0019 0.002  0.0019 0.0018 0.0018 0.002  0.0023
 0.002  0.002  0.0021 0.002  0.0021 0.0022 0.0023 0.0019 0.0019 0.0019
 0.0019 0.0021 0.0018 0.002  0.0017 0.0021 0.0024 0.0022 0.0017 0.002
 0.0024 0.0023 0.0021 0.0018 0.002  0.0023 0.0022 0.0019 0.0018 0.0016
 0.0023 0.0021 0.0019 0.002  0.002  0.0017 0.0019 0.0019 0.0018 0.0017
 0.0018 0.0021 0.0018 0.0024 0.0017 0.0021 0.002  0.0023 0.002  0.002
 0.0023 0.0023 0.0023 0.0018 0.0017 0.0019 0.0021 0.0022 0.0022 0.0022
 0.0016 0.0019 0.0021 0.0021 0.0018 0.0018 0.0022 0.0018 0.0024 0.0021
 0.0018 0.0019 0.0015 0.0018 0.002  0.0023 0.002  0.0027 0.0018 0.0019
 0.0019 0.0025 0.0018 0.002  0.0019 0.0022 0.0017 0.0018 0.0018 0.0022
 0.002  0.0022 0.0018 0.002  0.0016 0.0025 0.002  0.0019 0.0021 0.0019
 0.0019 0.0016 0.002  0.002  0.002  0.0023 0.002  0.002  0.0023 0.0022
 0.0019 0.0021 0.002  0.0019 0.0021 0.0025 0.0023 0.0019 0.0017 0.0023
 0.0019 0.002  0.002  0.0019 0.0024 0.0023 0.0019 0.0021 0.0016 0.002
 0.002  0.0018 0.0023 0.0022 0.0022 0.0022 0.0021 0.0016 0.0022 0.0019
 0.0016 0.0018 0.002  0.0018 0.0019 0.0019 0.0021 0.0019 0.0019 0.0019
 0.0021 0.0022 0.0017 0.0026 0.0018 0.002  0.0024 0.0017 0.0023 0.0019
 0.0022 0.0023 0.0017 0.0028 0.0017 0.0019 0.0018 0.0017 0.0023 0.0018]
 
 redW = M W M^+ =
[[ 0.2002  0.      0.    ]
 [ 0.      0.2004  0.    ]
 [ 0.      0.     -0.3005]]
 
 spec(redW) = [ 0.2002  0.2004 -0.3005]
 
 redK = M K M^+ =
[[41.7728  0.      0.    ]
 [ 0.     42.152   0.    ]
 [ 0.      0.     61.919 ]]
 
 spec(redK) = [41.7728 42.152  61.919 ]
 
 redA = M A M^+ =
[[ 0.      0.     40.8604]
 [ 0.      0.     41.3032]
 [30.4093 30.6987  0.    ]]
 
 spec(redA) = [-5.0105e+01  1.8683e-15  5.0105e+01]
 
 snmf_frobenius_error = None
 
 onmf_frobenius_error = None
 
 onmf_ortho_error = None
 
 np.sqrt(||M W - M W M^+M ||^2) = 0.0

 
 np.sqrt(||M K - M K M^+M ||^2) = 0.0225

 
 np.sqrt(||M A - M A M^+M ||^2) = 0.0125

 
 reduction_matrix_has_rank_n = True
 
 reduction_matrix_is_normalized = True
 
 reduction_matrix_is_positive = True
 
 global reduction_matrix_is_normalized = True
 
 global reduction_matrix_is_positive = True
 ------------------------------------------------------------------------------




---------------------- T1 = A -> T2 = None -> T3 = None------------------------ 

 
 V_T1 = [[ 0.0485  0.0445  0.047  ...  0.0433  0.0553  0.045 ]
 [ 0.0485  0.0445  0.047  ... -0.0433 -0.0553 -0.045 ]
 [ 0.0525  0.092  -0.0004 ...  0.0134  0.0085  0.0205]]
 
 V_T2 = None
 
 V_T3 = None
 
 M = [[8.4846e-048 3.2973e-081 4.9436e-036 ... 4.4716e-003 5.7616e-003
  4.6208e-003]
 [7.1863e-003 6.9865e-003 3.7911e-003 ... 1.0494e-004 1.9368e-010
  1.8912e-004]
 [4.2589e-024 5.5008e-102 3.5447e-003 ... 7.6409e-035 3.3723e-019
  5.8958e-054]]
 
 m = [0.0024 0.0023 0.0024 0.0021 0.0023 0.0019 0.0022 0.002  0.0022 0.0018
 0.0021 0.0018 0.0018 0.0015 0.0019 0.0026 0.0018 0.0024 0.0025 0.0031
 0.0018 0.0021 0.0025 0.0015 0.002  0.002  0.0019 0.0019 0.0024 0.0023
 0.0022 0.0024 0.0017 0.0023 0.0024 0.0019 0.0027 0.0021 0.0025 0.0018
 0.0021 0.0017 0.0025 0.0029 0.0022 0.0017 0.0022 0.0022 0.0022 0.0023
 0.002  0.002  0.0016 0.0017 0.0019 0.0019 0.0026 0.0017 0.0022 0.002
 0.0024 0.0024 0.0021 0.0018 0.0024 0.003  0.0025 0.0016 0.0019 0.0016
 0.0024 0.0021 0.0018 0.0019 0.0019 0.0021 0.0026 0.0026 0.0024 0.002
 0.0013 0.0023 0.0019 0.0021 0.0027 0.0023 0.002  0.0025 0.0019 0.0027
 0.002  0.0022 0.0028 0.002  0.0021 0.0019 0.002  0.0023 0.0026 0.002
 0.0018 0.0029 0.0018 0.0021 0.0017 0.0028 0.0025 0.0021 0.0022 0.0021
 0.002  0.0015 0.0025 0.0021 0.0018 0.0021 0.0023 0.0018 0.0019 0.0027
 0.0018 0.0017 0.0021 0.0024 0.0019 0.0022 0.0016 0.0028 0.0018 0.002
 0.0025 0.0023 0.0026 0.0023 0.0015 0.0022 0.0018 0.0022 0.0018 0.002
 0.0022 0.003  0.002  0.0022 0.0017 0.0019 0.0023 0.0017 0.0019 0.0021
 0.0022 0.0026 0.0021 0.0015 0.0022 0.0021 0.0021 0.0019 0.0018 0.002
 0.0017 0.0017 0.0023 0.0023 0.0018 0.0021 0.0015 0.0025 0.002  0.0017
 0.0026 0.002  0.0022 0.0028 0.0021 0.0019 0.0021 0.0018 0.0028 0.0024
 0.0015 0.0022 0.0026 0.0019 0.0021 0.0023 0.0023 0.0023 0.0023 0.0031
 0.002  0.0019 0.0024 0.0023 0.002  0.0023 0.002  0.002  0.0019 0.002
 0.0025 0.0019 0.0017 0.0017 0.0016 0.0023 0.0025 0.002  0.0015 0.0027
 0.0023 0.0018 0.002  0.0015 0.0023 0.0024 0.003  0.002  0.0028 0.0026
 0.002  0.0019 0.0025 0.0028 0.0025 0.0023 0.0019 0.0021 0.0019 0.002
 0.0022 0.0018 0.0023 0.0021 0.0015 0.0024 0.002  0.0025 0.0024 0.0018
 0.0017 0.0025 0.0026 0.0018 0.002  0.0016 0.0021 0.0017 0.0017 0.0024
 0.0025 0.002  0.0034 0.0022 0.0019 0.0026 0.0024 0.0025 0.0013 0.0021
 0.0023 0.0021 0.0015 0.002  0.0019 0.0025 0.0017 0.0021 0.0028 0.0019
 0.0017 0.0031 0.0018 0.0023 0.0021 0.0019 0.0021 0.002  0.0019 0.002
 0.0019 0.0022 0.0023 0.0021 0.0023 0.0026 0.0023 0.002  0.0019 0.0017
 0.0021 0.0023 0.0021 0.0019 0.0017 0.0024 0.0025 0.0018 0.0023 0.0018
 0.002  0.0018 0.0018 0.0015 0.0018 0.002  0.002  0.0016 0.0017 0.0018
 0.0019 0.0015 0.0019 0.002  0.0019 0.0019 0.002  0.0024 0.002  0.002
 0.0015 0.0016 0.0019 0.0016 0.0018 0.0017 0.0016 0.0016 0.0018 0.002
 0.0018 0.0017 0.0018 0.0018 0.0018 0.0021 0.002  0.0017 0.0016 0.0017
 0.0018 0.0018 0.0016 0.0018 0.0015 0.0021 0.0022 0.0019 0.0016 0.0017
 0.0022 0.002  0.002  0.0016 0.0019 0.002  0.0019 0.0017 0.0016 0.0014
 0.002  0.0018 0.0017 0.0019 0.0018 0.0017 0.0017 0.0016 0.0015 0.0015
 0.0016 0.0018 0.0016 0.002  0.0014 0.0018 0.0018 0.002  0.0019 0.0018
 0.0022 0.002  0.0022 0.0016 0.0016 0.0018 0.002  0.0019 0.002  0.0022
 0.0014 0.0018 0.0018 0.0019 0.0018 0.0017 0.0019 0.0015 0.0021 0.0017
 0.0017 0.0017 0.0013 0.0017 0.0017 0.0019 0.0019 0.0024 0.0016 0.0017
 0.0017 0.0022 0.0016 0.0019 0.0016 0.002  0.0018 0.0016 0.0016 0.002
 0.0018 0.0019 0.0016 0.0019 0.0015 0.0022 0.0017 0.0016 0.0018 0.0017
 0.0016 0.0014 0.0018 0.0017 0.0018 0.0021 0.0017 0.0018 0.0021 0.0018
 0.0016 0.002  0.0018 0.0018 0.0018 0.0022 0.0024 0.0018 0.0015 0.002
 0.0017 0.0017 0.0017 0.0017 0.0021 0.0022 0.0017 0.002  0.0014 0.0018
 0.0018 0.0017 0.002  0.0021 0.0019 0.002  0.0019 0.0014 0.0019 0.0017
 0.0013 0.0016 0.0019 0.0016 0.0017 0.0016 0.0019 0.0017 0.0018 0.0017
 0.0019 0.002  0.0016 0.0023 0.0015 0.0018 0.0023 0.0016 0.0021 0.0017
 0.0019 0.0022 0.0015 0.0024 0.0016 0.0018 0.0017 0.0015 0.0019 0.0016]
 
 redW = M W M^+ =
[[-3.0040e-01  3.5508e-05 -3.2953e-05]
 [-1.9799e-02  1.9803e-01  1.2517e-03]
 [-1.7830e-02  1.6188e-03  1.9733e-01]]
 
 spec(redW) = [-0.3004  0.1991  0.1962]
 
 redK = M K M^+ =
[[ 6.1933e+01  5.7501e-02 -5.2684e-02]
 [ 8.5544e-01  4.1266e+01  2.0719e-01]
 [ 6.4463e-01 -9.9981e-02  4.2701e+01]]
 
 spec(redK) = [61.934  41.2782 42.6876]
 
 redA = M A M^+ =
[[-2.3991 34.139  29.3031]
 [38.931   2.372   0.3245]
 [39.8149  0.224   2.1575]]
 
 spec(redA) = [-49.9431  50.0947   1.9786]
 
 snmf_frobenius_error = 0.0013188368345025418
 
 onmf_frobenius_error = 3.2253019270185046
 
 onmf_ortho_error = 0.32466125026496373
 
 np.sqrt(||M W - M W M^+M ||^2) = 0.0001

 
 np.sqrt(||M K - M K M^+M ||^2) = 0.0208

 
 np.sqrt(||M A - M A M^+M ||^2) = 0.0202

 
 reduction_matrix_has_rank_n = True
 
 reduction_matrix_is_normalized = True
 
 reduction_matrix_is_positive = True
 
 global reduction_matrix_is_normalized = True
 
 global reduction_matrix_is_positive = True
 ------------------------------------------------------------------------------



Two target
---------------------- T1 = W -> T2 = K -> T3 = None------------------------ 

 
 V_T1 = [[ 0.0815  0.0807  0.0825 ...  0.      0.      0.    ]
 [ 0.      0.      0.     ...  0.      0.      0.    ]
 [ 0.      0.      0.     ... -0.0657 -0.0677 -0.068 ]]
 
 V_T2 = [[0.0947 0.0886 0.0947 ... 0.     0.     0.    ]
 [0.     0.     0.     ... 0.     0.     0.    ]
 [0.     0.     0.     ... 0.0594 0.0792 0.0629]]
 
 V_T3 = None
 
 M = [[0.0067 0.0066 0.0067 ... 0.     0.     0.    ]
 [0.     0.     0.     ... 0.     0.     0.    ]
 [0.     0.     0.     ... 0.0046 0.0048 0.0048]]
 
 m = [0.002  0.002  0.002  0.002  0.0021 0.0021 0.0019 0.002  0.002  0.002
 0.0021 0.002  0.0019 0.0021 0.0021 0.002  0.0022 0.0022 0.0018 0.0019
 0.0019 0.0021 0.0019 0.0019 0.002  0.002  0.002  0.0019 0.002  0.0019
 0.0019 0.002  0.0019 0.0021 0.0019 0.002  0.0018 0.0021 0.0021 0.0019
 0.002  0.0018 0.002  0.0019 0.0021 0.0019 0.002  0.0019 0.0021 0.002
 0.0019 0.0021 0.002  0.0021 0.0019 0.0021 0.0019 0.0021 0.0018 0.0019
 0.0019 0.0021 0.002  0.002  0.0019 0.0021 0.0022 0.0021 0.002  0.0021
 0.002  0.002  0.0022 0.0021 0.002  0.0021 0.0022 0.0022 0.002  0.0021
 0.002  0.0021 0.002  0.0019 0.0021 0.002  0.0018 0.0021 0.0021 0.0021
 0.0021 0.0018 0.0021 0.0019 0.002  0.0021 0.002  0.0019 0.002  0.0021
 0.0021 0.002  0.002  0.0019 0.0019 0.0019 0.002  0.0021 0.0019 0.0021
 0.0019 0.002  0.002  0.002  0.0018 0.0018 0.0019 0.0018 0.002  0.0019
 0.002  0.0019 0.0019 0.002  0.0019 0.0018 0.0021 0.0021 0.0021 0.0022
 0.002  0.0023 0.0019 0.0021 0.002  0.0019 0.002  0.0019 0.0021 0.0021
 0.002  0.0019 0.0021 0.0021 0.0019 0.002  0.002  0.0018 0.0021 0.0019
 0.002  0.0021 0.002  0.0018 0.0021 0.0022 0.002  0.0019 0.0018 0.0021
 0.0019 0.0019 0.002  0.0019 0.0018 0.0017 0.0021 0.0018 0.0021 0.0019
 0.0021 0.002  0.002  0.002  0.002  0.0022 0.002  0.0021 0.0019 0.002
 0.0021 0.002  0.002  0.002  0.002  0.0019 0.002  0.0022 0.0021 0.0021
 0.0021 0.002  0.0021 0.0021 0.002  0.0019 0.0021 0.0019 0.0019 0.0019
 0.0021 0.002  0.0018 0.002  0.0021 0.0022 0.0017 0.002  0.0019 0.002
 0.002  0.0021 0.0021 0.0019 0.002  0.002  0.0019 0.0022 0.0018 0.0021
 0.0021 0.0019 0.0021 0.002  0.0021 0.0018 0.0019 0.002  0.0019 0.0021
 0.0019 0.002  0.0019 0.002  0.0022 0.0019 0.0021 0.0021 0.002  0.002
 0.0019 0.0021 0.0021 0.002  0.002  0.0021 0.002  0.0021 0.0021 0.002
 0.002  0.002  0.002  0.002  0.002  0.002  0.0021 0.0019 0.0019 0.0019
 0.002  0.002  0.0022 0.002  0.0018 0.002  0.002  0.002  0.002  0.002
 0.002  0.0018 0.0022 0.002  0.0022 0.0021 0.0021 0.0021 0.0019 0.0019
 0.0019 0.0019 0.0021 0.0019 0.002  0.002  0.0019 0.002  0.002  0.0019
 0.002  0.0019 0.0023 0.0018 0.002  0.0021 0.0022 0.0021 0.002  0.002
 0.002  0.002  0.002  0.002  0.0021 0.0021 0.0019 0.002  0.002  0.002
 0.0021 0.002  0.0019 0.0021 0.0021 0.002  0.0022 0.0022 0.0018 0.0019
 0.0019 0.0021 0.0019 0.0019 0.002  0.002  0.002  0.0019 0.002  0.0019
 0.0019 0.002  0.0019 0.0021 0.0019 0.002  0.0018 0.0021 0.0021 0.0019
 0.002  0.0018 0.002  0.0019 0.0021 0.0019 0.002  0.0019 0.0021 0.002
 0.0019 0.0021 0.002  0.0021 0.0019 0.0021 0.0019 0.0021 0.0018 0.0019
 0.0019 0.0021 0.002  0.002  0.0019 0.0021 0.0022 0.0021 0.002  0.0021
 0.002  0.002  0.0022 0.0021 0.002  0.0021 0.0022 0.0022 0.002  0.0021
 0.002  0.0021 0.002  0.0019 0.0021 0.002  0.0018 0.0021 0.0021 0.0021
 0.0021 0.0018 0.0021 0.0019 0.002  0.0021 0.002  0.0019 0.002  0.0021
 0.0021 0.002  0.002  0.0019 0.0019 0.0019 0.002  0.0021 0.0019 0.0021
 0.0019 0.002  0.002  0.002  0.0018 0.0018 0.0019 0.0018 0.002  0.0019
 0.002  0.0019 0.0019 0.002  0.0019 0.0018 0.0021 0.0021 0.0021 0.0022
 0.002  0.0023 0.0019 0.0021 0.002  0.0019 0.002  0.0019 0.0021 0.0021
 0.002  0.0019 0.0021 0.0021 0.0019 0.002  0.002  0.0018 0.0021 0.0019
 0.002  0.0021 0.002  0.0018 0.0021 0.0022 0.002  0.0019 0.0018 0.0021
 0.0019 0.0019 0.002  0.0019 0.0018 0.0017 0.0021 0.0018 0.0021 0.0019
 0.0021 0.002  0.002  0.002  0.002  0.0022 0.002  0.0021 0.0019 0.002
 0.0021 0.002  0.002  0.002  0.002  0.0019 0.002  0.0022 0.0021 0.0021
 0.0021 0.002  0.0021 0.0021 0.002  0.0019 0.0021 0.0019 0.0019 0.0019]
 
 redW = M W M^+ =
[[ 0.2014  0.      0.    ]
 [ 0.      0.2014  0.    ]
 [ 0.      0.     -0.3021]]
 
 spec(redW) = [ 0.2014  0.2014 -0.3021]
 
 redK = M K M^+ =
[[40.0885  0.      0.    ]
 [ 0.     40.3605  0.    ]
 [ 0.      0.     60.3284]]
 
 spec(redK) = [40.0885 40.3605 60.3284]
 
 redA = M A M^+ =
[[ 0.      0.     39.99  ]
 [ 0.      0.     40.2448]
 [29.9963 30.1804  0.    ]]
 
 spec(redA) = [ 4.9134e+01 -3.5544e-15 -4.9134e+01]
 
 snmf_frobenius_error = None
 
 onmf_frobenius_error = None
 
 onmf_ortho_error = None
 
 np.sqrt(||M W - M W M^+M ||^2) = 0.0

 
 np.sqrt(||M K - M K M^+M ||^2) = 0.0216

 
 np.sqrt(||M A - M A M^+M ||^2) = 0.0226

 
 reduction_matrix_has_rank_n = True
 
 reduction_matrix_is_normalized = True
 
 reduction_matrix_is_positive = True
 
 global reduction_matrix_is_normalized = True
 
 global reduction_matrix_is_positive = True
 ------------------------------------------------------------------------------




---------------------- T1 = W -> T2 = A -> T3 = None------------------------ 

 
 V_T1 = [[ 0.0815  0.0807  0.0825 ...  0.      0.      0.    ]
 [ 0.      0.      0.     ...  0.      0.      0.    ]
 [ 0.      0.      0.     ... -0.0657 -0.0677 -0.068 ]]
 
 V_T2 = [[ 0.0485  0.0445  0.047  ...  0.0433  0.0553  0.045 ]
 [ 0.0485  0.0445  0.047  ... -0.0433 -0.0553 -0.045 ]
 [ 0.0525  0.092  -0.0004 ...  0.0134  0.0085  0.0205]]
 
 V_T3 = None
 
 M = [[4.0699e-03 4.0286e-03 4.1192e-03 ... 1.6786e-89 1.7303e-89 1.7397e-89]
 [2.6699e-68 2.6428e-68 2.7023e-68 ... 4.6489e-03 4.7920e-03 4.8181e-03]
 [1.7305e-03 1.7130e-03 1.7515e-03 ... 1.0883e-05 1.1218e-05 1.1279e-05]]
 
 m = [0.0019 0.0019 0.002  0.0019 0.0021 0.002  0.0018 0.0019 0.002  0.0019
 0.002  0.002  0.0018 0.002  0.0021 0.0019 0.0021 0.0021 0.0017 0.0018
 0.0018 0.002  0.0018 0.0019 0.002  0.0019 0.002  0.0019 0.002  0.0018
 0.0019 0.0019 0.0019 0.002  0.0019 0.0019 0.0018 0.002  0.002  0.0018
 0.002  0.0017 0.002  0.0018 0.0021 0.0018 0.002  0.0019 0.002  0.002
 0.0019 0.002  0.002  0.0021 0.0018 0.002  0.0018 0.002  0.0018 0.0018
 0.0018 0.002  0.0019 0.0019 0.0018 0.002  0.0021 0.0021 0.0019 0.002
 0.0019 0.0019 0.0021 0.002  0.0019 0.002  0.0021 0.0021 0.002  0.002
 0.002  0.002  0.002  0.0018 0.002  0.0019 0.0017 0.0021 0.002  0.002
 0.0021 0.0018 0.002  0.0019 0.0019 0.002  0.0019 0.0018 0.0019 0.002
 0.0021 0.0019 0.002  0.0019 0.0019 0.0018 0.0019 0.002  0.0019 0.002
 0.0019 0.0019 0.0019 0.0019 0.0018 0.0018 0.0019 0.0018 0.0019 0.0018
 0.0019 0.0018 0.0019 0.002  0.0018 0.0018 0.002  0.0021 0.002  0.0021
 0.002  0.0022 0.0019 0.002  0.0019 0.0018 0.0019 0.0019 0.002  0.002
 0.0019 0.0019 0.0021 0.002  0.0019 0.002  0.0019 0.0018 0.002  0.0018
 0.0025 0.0026 0.0025 0.0022 0.0026 0.0028 0.0025 0.0023 0.0023 0.0026
 0.0024 0.0023 0.0025 0.0024 0.0022 0.0022 0.0026 0.0023 0.0027 0.0024
 0.0027 0.0025 0.0025 0.0025 0.0025 0.0028 0.0025 0.0026 0.0024 0.0025
 0.0027 0.0025 0.0025 0.0025 0.0025 0.0024 0.0025 0.0028 0.0026 0.0026
 0.0026 0.0025 0.0026 0.0026 0.0025 0.0024 0.0026 0.0023 0.0024 0.0024
 0.0027 0.0026 0.0023 0.0025 0.0027 0.0027 0.0021 0.0024 0.0024 0.0025
 0.0025 0.0026 0.0026 0.0024 0.0025 0.0026 0.0024 0.0027 0.0022 0.0026
 0.0027 0.0024 0.0026 0.0025 0.0026 0.0023 0.0024 0.0025 0.0024 0.0026
 0.0024 0.0025 0.0023 0.0025 0.0028 0.0023 0.0027 0.0026 0.0025 0.0025
 0.0024 0.0026 0.0026 0.0025 0.0025 0.0026 0.0025 0.0026 0.0026 0.0025
 0.0025 0.0024 0.0025 0.0025 0.0025 0.0025 0.0027 0.0024 0.0024 0.0024
 0.0025 0.0025 0.0027 0.0025 0.0023 0.0025 0.0025 0.0025 0.0025 0.0025
 0.0025 0.0023 0.0028 0.0025 0.0027 0.0026 0.0026 0.0027 0.0024 0.0024
 0.0024 0.0024 0.0026 0.0024 0.0025 0.0025 0.0024 0.0026 0.0025 0.0024
 0.0025 0.0024 0.0028 0.0023 0.0025 0.0026 0.0028 0.0026 0.0025 0.0024
 0.0017 0.0017 0.0017 0.0017 0.0018 0.0017 0.0016 0.0017 0.0017 0.0017
 0.0018 0.0017 0.0016 0.0018 0.0018 0.0016 0.0018 0.0018 0.0015 0.0016
 0.0016 0.0017 0.0016 0.0016 0.0017 0.0017 0.0017 0.0016 0.0017 0.0016
 0.0016 0.0016 0.0016 0.0017 0.0016 0.0017 0.0015 0.0018 0.0017 0.0016
 0.0017 0.0015 0.0017 0.0016 0.0018 0.0016 0.0017 0.0016 0.0017 0.0017
 0.0016 0.0018 0.0017 0.0018 0.0016 0.0018 0.0016 0.0018 0.0015 0.0016
 0.0016 0.0017 0.0016 0.0017 0.0016 0.0017 0.0018 0.0018 0.0016 0.0017
 0.0016 0.0016 0.0019 0.0017 0.0016 0.0017 0.0018 0.0018 0.0017 0.0018
 0.0017 0.0017 0.0017 0.0016 0.0017 0.0016 0.0015 0.0018 0.0018 0.0017
 0.0018 0.0015 0.0018 0.0016 0.0017 0.0017 0.0017 0.0016 0.0017 0.0017
 0.0018 0.0017 0.0017 0.0016 0.0016 0.0016 0.0016 0.0017 0.0016 0.0017
 0.0016 0.0017 0.0016 0.0017 0.0015 0.0015 0.0016 0.0015 0.0017 0.0016
 0.0017 0.0016 0.0016 0.0017 0.0016 0.0015 0.0018 0.0018 0.0018 0.0018
 0.0017 0.0019 0.0016 0.0018 0.0016 0.0016 0.0017 0.0016 0.0017 0.0018
 0.0016 0.0016 0.0018 0.0017 0.0016 0.0017 0.0017 0.0015 0.0018 0.0016
 0.0017 0.0018 0.0017 0.0015 0.0017 0.0018 0.0017 0.0016 0.0015 0.0017
 0.0016 0.0016 0.0017 0.0016 0.0015 0.0015 0.0017 0.0015 0.0018 0.0016
 0.0018 0.0016 0.0017 0.0016 0.0017 0.0019 0.0016 0.0018 0.0016 0.0017
 0.0018 0.0017 0.0017 0.0017 0.0017 0.0016 0.0016 0.0018 0.0017 0.0018
 0.0017 0.0017 0.0017 0.0017 0.0017 0.0016 0.0017 0.0016 0.0016 0.0016]
 
 redW = M W M^+ =
[[ 2.0137e-01 -5.8475e-08  2.4980e-05]
 [ 3.0463e-11 -3.0210e-01 -3.5851e-11]
 [-2.0147e-05 -1.1787e-03  2.0143e-01]]
 
 spec(redW) = [ 0.2014  0.2014 -0.3021]
 
 redK = M K M^+ =
[[ 4.0010e+01 -4.3268e-04  1.8484e-01]
 [ 3.4205e-10  6.0328e+01 -4.0255e-10]
 [-1.4908e-01  4.6559e-02  4.0439e+01]]
 
 spec(redK) = [40.0885 40.3605 60.3284]
 
 redA = M A M^+ =
[[ 4.2665e-09  4.0089e+01 -5.0211e-09]
 [ 4.0861e+01 -4.5322e-02  1.9361e+01]
 [ 9.5651e-02  4.0084e+01  4.5322e-02]]
 
 spec(redA) = [ 4.9134e+01  7.3507e-11 -4.9134e+01]
 
 snmf_frobenius_error = 7.347150807480072e-09
 
 onmf_frobenius_error = 0.0002559259295890427
 
 onmf_ortho_error = 1.112607006442503
 
 np.sqrt(||M W - M W M^+M ||^2) = 0.0

 
 np.sqrt(||M K - M K M^+M ||^2) = 0.0183

 
 np.sqrt(||M A - M A M^+M ||^2) = 0.0197

 
 reduction_matrix_has_rank_n = True
 
 reduction_matrix_is_normalized = True
 
 reduction_matrix_is_positive = True
 
 global reduction_matrix_is_normalized = True
 
 global reduction_matrix_is_positive = True
 ------------------------------------------------------------------------------




---------------------- T1 = K -> T2 = W -> T3 = None------------------------ 

 
 V_T1 = [[0.0947 0.0886 0.0947 ... 0.     0.     0.    ]
 [0.     0.     0.     ... 0.     0.     0.    ]
 [0.     0.     0.     ... 0.0594 0.0792 0.0629]]
 
 V_T2 = [[ 0.0815  0.0807  0.0825 ...  0.      0.      0.    ]
 [ 0.      0.      0.     ...  0.      0.      0.    ]
 [ 0.      0.      0.     ... -0.0657 -0.0677 -0.068 ]]
 
 V_T3 = None
 
 M = [[0.     0.     0.     ... 0.0042 0.0056 0.0045]
 [0.0078 0.0073 0.0078 ... 0.     0.     0.    ]
 [0.     0.     0.     ... 0.     0.     0.    ]]
 
 m = [0.0023 0.0022 0.0023 0.002  0.002  0.0017 0.0021 0.0018 0.0022 0.0018
 0.0019 0.0018 0.0019 0.0015 0.0018 0.0022 0.0017 0.0022 0.0022 0.0028
 0.0019 0.0021 0.0022 0.0015 0.0019 0.002  0.0019 0.0018 0.0021 0.002
 0.0021 0.002  0.0018 0.0019 0.0021 0.0016 0.0023 0.0021 0.0022 0.0017
 0.0018 0.0015 0.0023 0.0027 0.002  0.0018 0.0021 0.0018 0.0019 0.0024
 0.0017 0.002  0.0016 0.0016 0.0019 0.0019 0.0025 0.0017 0.0019 0.0019
 0.0023 0.002  0.002  0.0018 0.0021 0.0026 0.0025 0.0016 0.0017 0.0016
 0.0023 0.0021 0.0019 0.0018 0.0016 0.0018 0.0022 0.0024 0.0024 0.0018
 0.0013 0.002  0.0016 0.002  0.0022 0.0022 0.0019 0.0023 0.0019 0.0024
 0.0019 0.0022 0.0024 0.0021 0.002  0.0017 0.0018 0.002  0.0025 0.002
 0.0016 0.0026 0.0018 0.002  0.0017 0.0024 0.0022 0.0017 0.0022 0.002
 0.0019 0.0014 0.0021 0.0018 0.0018 0.002  0.002  0.0016 0.0019 0.0024
 0.0017 0.0017 0.0021 0.0022 0.0016 0.002  0.0016 0.0025 0.0016 0.002
 0.0023 0.0023 0.0024 0.0022 0.0014 0.0018 0.0018 0.0021 0.0016 0.002
 0.0022 0.0026 0.0018 0.0019 0.0017 0.0019 0.0022 0.0016 0.0017 0.0021
 0.0022 0.0023 0.0022 0.0016 0.002  0.002  0.002  0.0019 0.0018 0.0017
 0.0016 0.0017 0.0023 0.0022 0.0018 0.002  0.0015 0.0023 0.002  0.0017
 0.0022 0.0021 0.002  0.0024 0.0021 0.0019 0.0019 0.0016 0.0023 0.0021
 0.0014 0.0022 0.0023 0.0017 0.0021 0.0019 0.0018 0.002  0.0024 0.0028
 0.0018 0.002  0.0024 0.0023 0.002  0.0019 0.002  0.0019 0.0017 0.0017
 0.0025 0.002  0.0016 0.0018 0.0016 0.0022 0.0022 0.0017 0.0014 0.0024
 0.002  0.0017 0.0018 0.0015 0.002  0.0021 0.0029 0.002  0.0028 0.0023
 0.0019 0.0019 0.0022 0.0026 0.0025 0.0019 0.0018 0.0019 0.0019 0.0019
 0.0022 0.0018 0.0021 0.0019 0.0014 0.0021 0.0019 0.0023 0.0024 0.0018
 0.0016 0.0024 0.0022 0.0018 0.0016 0.0015 0.002  0.0016 0.0017 0.0021
 0.0025 0.002  0.0029 0.0021 0.0019 0.0025 0.0022 0.0023 0.0013 0.002
 0.002  0.0019 0.0015 0.0016 0.0019 0.0021 0.0017 0.002  0.0023 0.0018
 0.0016 0.0026 0.0018 0.002  0.002  0.0019 0.0021 0.002  0.0019 0.002
 0.0018 0.0022 0.0022 0.002  0.002  0.0023 0.0021 0.0018 0.0019 0.0017
 0.002  0.0019 0.002  0.0016 0.0017 0.0022 0.0024 0.0018 0.0021 0.0017
 0.0021 0.002  0.0021 0.0018 0.0021 0.0023 0.0021 0.0017 0.0018 0.0021
 0.0022 0.0017 0.0022 0.0024 0.0021 0.0021 0.0021 0.0025 0.0023 0.0022
 0.0017 0.0017 0.0021 0.0019 0.002  0.0019 0.0018 0.0018 0.002  0.0023
 0.002  0.002  0.0021 0.002  0.0021 0.0022 0.0023 0.0019 0.0019 0.0019
 0.0019 0.0021 0.0018 0.002  0.0017 0.0021 0.0024 0.0022 0.0017 0.002
 0.0024 0.0023 0.0021 0.0018 0.002  0.0023 0.0022 0.0019 0.0018 0.0016
 0.0023 0.0021 0.0019 0.002  0.002  0.0017 0.0019 0.0019 0.0018 0.0017
 0.0018 0.0021 0.0018 0.0024 0.0017 0.0021 0.002  0.0023 0.002  0.002
 0.0023 0.0023 0.0023 0.0018 0.0017 0.0019 0.0021 0.0022 0.0022 0.0022
 0.0016 0.0019 0.0021 0.0021 0.0018 0.0018 0.0022 0.0018 0.0024 0.0021
 0.0018 0.0019 0.0015 0.0018 0.002  0.0023 0.002  0.0027 0.0018 0.0019
 0.0019 0.0025 0.0018 0.002  0.0019 0.0022 0.0017 0.0018 0.0018 0.0022
 0.002  0.0022 0.0018 0.002  0.0016 0.0025 0.002  0.0019 0.0021 0.0019
 0.0019 0.0016 0.002  0.002  0.002  0.0023 0.002  0.002  0.0023 0.0022
 0.0019 0.0021 0.002  0.0019 0.0021 0.0025 0.0023 0.0019 0.0017 0.0023
 0.0019 0.002  0.002  0.0019 0.0024 0.0023 0.0019 0.0021 0.0016 0.002
 0.002  0.0018 0.0023 0.0022 0.0022 0.0022 0.0021 0.0016 0.0022 0.0019
 0.0016 0.0018 0.002  0.0018 0.0019 0.0019 0.0021 0.0019 0.0019 0.0019
 0.0021 0.0022 0.0017 0.0026 0.0018 0.002  0.0024 0.0017 0.0023 0.0019
 0.0022 0.0023 0.0017 0.0028 0.0017 0.0019 0.0018 0.0017 0.0023 0.0018]
 
 redW = M W M^+ =
[[-3.0047e-01  1.4209e-17  0.0000e+00]
 [ 0.0000e+00  2.0025e-01  0.0000e+00]
 [ 0.0000e+00  0.0000e+00  2.0039e-01]]
 
 spec(redW) = [-0.3005  0.2002  0.2004]
 
 redK = M K M^+ =
[[ 6.1919e+01 -2.9190e-15  0.0000e+00]
 [ 0.0000e+00  4.1773e+01  0.0000e+00]
 [ 0.0000e+00  0.0000e+00  4.2152e+01]]
 
 spec(redK) = [61.919  41.7728 42.152 ]
 
 redA = M A M^+ =
[[ 0.0000e+00  3.0409e+01  3.0699e+01]
 [ 4.0860e+01 -1.9306e-15  0.0000e+00]
 [ 4.1303e+01 -1.9543e-15  0.0000e+00]]
 
 spec(redA) = [-5.0105e+01  5.0105e+01  1.3841e-18]
 
 snmf_frobenius_error = 1.1591951145410932e-08
 
 onmf_frobenius_error = None
 
 onmf_ortho_error = None
 
 np.sqrt(||M W - M W M^+M ||^2) = 0.0

 
 np.sqrt(||M K - M K M^+M ||^2) = 0.0225

 
 np.sqrt(||M A - M A M^+M ||^2) = 0.0125

 
 reduction_matrix_has_rank_n = True
 
 reduction_matrix_is_normalized = True
 
 reduction_matrix_is_positive = True
 
 global reduction_matrix_is_normalized = True
 
 global reduction_matrix_is_positive = True
 ------------------------------------------------------------------------------




---------------------- T1 = K -> T2 = A -> T3 = None------------------------ 

 
 V_T1 = [[0.0947 0.0886 0.0947 ... 0.     0.     0.    ]
 [0.     0.     0.     ... 0.     0.     0.    ]
 [0.     0.     0.     ... 0.0594 0.0792 0.0629]]
 
 V_T2 = [[ 0.0485  0.0445  0.047  ...  0.0433  0.0553  0.045 ]
 [ 0.0485  0.0445  0.047  ... -0.0433 -0.0553 -0.045 ]
 [ 0.0525  0.092  -0.0004 ...  0.0134  0.0085  0.0205]]
 
 V_T3 = None
 
 M = [[3.9256e-003 3.6750e-003 3.9256e-003 ... 5.6322e-177 2.0247e-177
  8.5912e-177]
 [1.1906e-003 1.1146e-003 1.1906e-003 ... 2.8237e-003 3.7650e-003
  2.9898e-003]
 [1.4822e-323 1.4822e-323 1.4822e-323 ... 4.2257e-003 5.6343e-003
  4.4743e-003]]
 
 m = [0.0017 0.0016 0.0017 0.0015 0.0015 0.0013 0.0016 0.0013 0.0016 0.0013
 0.0014 0.0013 0.0014 0.0011 0.0013 0.0016 0.0013 0.0016 0.0016 0.002
 0.0014 0.0015 0.0016 0.0011 0.0014 0.0015 0.0014 0.0013 0.0015 0.0015
 0.0016 0.0015 0.0013 0.0014 0.0016 0.0012 0.0017 0.0015 0.0016 0.0013
 0.0013 0.0011 0.0017 0.002  0.0015 0.0013 0.0015 0.0013 0.0014 0.0017
 0.0012 0.0015 0.0012 0.0012 0.0014 0.0014 0.0018 0.0012 0.0014 0.0014
 0.0017 0.0015 0.0015 0.0013 0.0015 0.0019 0.0019 0.0012 0.0012 0.0012
 0.0017 0.0016 0.0014 0.0013 0.0012 0.0013 0.0016 0.0017 0.0017 0.0013
 0.0009 0.0015 0.0012 0.0015 0.0016 0.0016 0.0014 0.0017 0.0014 0.0017
 0.0014 0.0016 0.0018 0.0015 0.0015 0.0012 0.0013 0.0015 0.0018 0.0015
 0.0012 0.0019 0.0013 0.0015 0.0013 0.0018 0.0016 0.0013 0.0016 0.0015
 0.0014 0.001  0.0016 0.0013 0.0013 0.0015 0.0015 0.0012 0.0014 0.0017
 0.0012 0.0012 0.0015 0.0016 0.0012 0.0015 0.0012 0.0019 0.0012 0.0015
 0.0017 0.0017 0.0018 0.0016 0.0011 0.0013 0.0013 0.0016 0.0012 0.0015
 0.0016 0.0019 0.0013 0.0014 0.0013 0.0014 0.0016 0.0012 0.0013 0.0016
 0.0017 0.0018 0.0016 0.0012 0.0015 0.0015 0.0015 0.0015 0.0014 0.0013
 0.0012 0.0013 0.0017 0.0016 0.0014 0.0015 0.0012 0.0017 0.0015 0.0013
 0.0017 0.0016 0.0015 0.0018 0.0016 0.0015 0.0014 0.0012 0.0018 0.0016
 0.0011 0.0017 0.0018 0.0013 0.0016 0.0014 0.0014 0.0015 0.0018 0.0021
 0.0013 0.0015 0.0018 0.0017 0.0015 0.0015 0.0015 0.0014 0.0013 0.0013
 0.0019 0.0015 0.0012 0.0014 0.0012 0.0016 0.0016 0.0013 0.001  0.0018
 0.0015 0.0013 0.0014 0.0012 0.0015 0.0016 0.0022 0.0015 0.0021 0.0017
 0.0015 0.0014 0.0016 0.0019 0.0019 0.0015 0.0013 0.0014 0.0015 0.0014
 0.0016 0.0014 0.0016 0.0015 0.001  0.0016 0.0014 0.0018 0.0018 0.0013
 0.0012 0.0018 0.0016 0.0014 0.0012 0.0011 0.0015 0.0012 0.0013 0.0016
 0.0019 0.0015 0.0022 0.0016 0.0015 0.0019 0.0017 0.0017 0.001  0.0015
 0.0015 0.0015 0.0012 0.0012 0.0015 0.0016 0.0013 0.0015 0.0018 0.0014
 0.0012 0.002  0.0013 0.0015 0.0015 0.0015 0.0016 0.0015 0.0015 0.0015
 0.0013 0.0017 0.0017 0.0015 0.0015 0.0018 0.0016 0.0014 0.0015 0.0013
 0.0015 0.0015 0.0015 0.0012 0.0013 0.0016 0.0018 0.0013 0.0016 0.0013
 0.0029 0.0028 0.0029 0.0025 0.0029 0.0032 0.0029 0.0023 0.0025 0.0029
 0.003  0.0023 0.003  0.0033 0.0029 0.0029 0.0029 0.0035 0.0031 0.0031
 0.0023 0.0023 0.0029 0.0026 0.0027 0.0026 0.0025 0.0025 0.0028 0.0032
 0.0028 0.0028 0.0029 0.0027 0.0029 0.003  0.0032 0.0026 0.0026 0.0026
 0.0027 0.0029 0.0025 0.0028 0.0023 0.0029 0.0033 0.003  0.0024 0.0027
 0.0033 0.0032 0.0029 0.0025 0.0028 0.0031 0.003  0.0027 0.0025 0.0022
 0.0032 0.0029 0.0027 0.0027 0.0028 0.0024 0.0026 0.0026 0.0025 0.0023
 0.0025 0.0029 0.0025 0.0033 0.0023 0.0029 0.0028 0.0031 0.0028 0.0027
 0.0031 0.0031 0.0031 0.0024 0.0024 0.0027 0.0029 0.0031 0.003  0.003
 0.0023 0.0026 0.0029 0.0029 0.0025 0.0025 0.003  0.0025 0.0033 0.0029
 0.0025 0.0027 0.0021 0.0025 0.0028 0.0031 0.0027 0.0037 0.0024 0.0027
 0.0027 0.0035 0.0025 0.0028 0.0026 0.003  0.0024 0.0025 0.0025 0.003
 0.0028 0.003  0.0025 0.0027 0.0023 0.0034 0.0028 0.0026 0.0029 0.0026
 0.0026 0.0022 0.0028 0.0027 0.0028 0.0032 0.0027 0.0027 0.0031 0.003
 0.0026 0.0029 0.0028 0.0026 0.0029 0.0035 0.0032 0.0027 0.0023 0.0032
 0.0027 0.0028 0.0027 0.0027 0.0033 0.0032 0.0026 0.0029 0.0022 0.0028
 0.0028 0.0025 0.0031 0.003  0.003  0.003  0.0029 0.0023 0.003  0.0027
 0.0022 0.0025 0.0028 0.0024 0.0026 0.0026 0.0029 0.0027 0.0026 0.0026
 0.0029 0.003  0.0023 0.0035 0.0024 0.0028 0.0033 0.0023 0.0031 0.0026
 0.0031 0.0032 0.0023 0.0039 0.0024 0.0026 0.0025 0.0023 0.0031 0.0025]
 
 redW = M W M^+ =
[[ 1.9948e-01  2.5140e-03 -1.6799e-03]
 [-2.7492e-04  2.0115e-01 -3.3520e-01]
 [-5.2549e-11  1.5845e-10 -3.0047e-01]]
 
 spec(redW) = [ 0.2002  0.2004 -0.3005]
 
 redK = M K M^+ =
[[ 3.9763e+01  6.6254e+00 -4.4273e+00]
 [-7.2451e-01  4.4162e+01  1.1866e+01]
 [-2.6816e-06  8.0858e-06  6.1919e+01]]
 
 spec(redK) = [41.7728 42.152  61.919 ]
 
 redA = M A M^+ =
[[ 3.4228e-08 -1.0321e-07  4.1081e+01]
 [ 3.6166e+01  1.4070e+01  4.2339e+00]
 [ 5.4122e+01  2.1056e+01 -1.4070e+01]]
 
 spec(redA) = [ 5.0105e+01 -5.0105e+01  4.3822e-08]
 
 snmf_frobenius_error = 7.002238652980573e-09
 
 onmf_frobenius_error = 0.004830997599522205
 
 onmf_ortho_error = 1.413466092026909
 
 np.sqrt(||M W - M W M^+M ||^2) = 0.0

 
 np.sqrt(||M K - M K M^+M ||^2) = 0.0184

 
 np.sqrt(||M A - M A M^+M ||^2) = 0.0022

 
 reduction_matrix_has_rank_n = True
 
 reduction_matrix_is_normalized = True
 
 reduction_matrix_is_positive = True
 
 global reduction_matrix_is_normalized = True
 
 global reduction_matrix_is_positive = True
 ------------------------------------------------------------------------------




---------------------- T1 = A -> T2 = W -> T3 = None------------------------ 

 
 V_T1 = [[ 0.0485  0.0445  0.047  ...  0.0433  0.0553  0.045 ]
 [ 0.0485  0.0445  0.047  ... -0.0433 -0.0553 -0.045 ]
 [ 0.0525  0.092  -0.0004 ...  0.0134  0.0085  0.0205]]
 
 V_T2 = [[ 0.0815  0.0807  0.0825 ...  0.      0.      0.    ]
 [ 0.      0.      0.     ...  0.      0.      0.    ]
 [ 0.      0.      0.     ... -0.0657 -0.0677 -0.068 ]]
 
 V_T3 = None
 
 M = [[1.8407e-004 0.0000e+000 6.9844e-081 ... 4.2075e-003 5.4827e-003
  4.2929e-003]
 [3.1547e-012 1.6241e-116 4.5644e-003 ... 3.0718e-103 4.6131e-070
  1.6041e-134]
 [1.2213e-002 1.0619e-002 1.6240e-003 ... 1.3598e-222 3.9965e-197
  1.2754e-252]]
 
 m = [0.0041 0.0035 0.0021 0.0018 0.0017 0.0013 0.0021 0.0014 0.0036 0.0021
 0.0017 0.002  0.0023 0.0014 0.0019 0.0021 0.0016 0.0017 0.0018 0.0022
 0.0031 0.0035 0.0019 0.0021 0.0032 0.0023 0.0032 0.0016 0.0018 0.0016
 0.0035 0.002  0.0024 0.0019 0.0017 0.0015 0.0021 0.0019 0.0019 0.0031
 0.0015 0.0012 0.0018 0.0029 0.0016 0.0026 0.0019 0.0016 0.0015 0.0031
 0.0016 0.0022 0.0027 0.0026 0.0026 0.0023 0.0025 0.0016 0.0017 0.0016
 0.0017 0.002  0.0018 0.0025 0.0017 0.0022 0.0032 0.0022 0.0014 0.0027
 0.0023 0.0035 0.0023 0.0031 0.0014 0.0016 0.0021 0.0019 0.0027 0.0014
 0.0023 0.0016 0.0014 0.0035 0.0021 0.0018 0.0023 0.0019 0.0032 0.002
 0.0016 0.0026 0.002  0.0029 0.0033 0.0013 0.0015 0.0017 0.0024 0.0029
 0.0013 0.0021 0.0023 0.002  0.0021 0.002  0.0018 0.0017 0.0036 0.0017
 0.0015 0.0015 0.0018 0.0016 0.0019 0.0019 0.0017 0.0013 0.0022 0.0019
 0.0013 0.0029 0.0032 0.0017 0.0016 0.0016 0.0019 0.0021 0.0013 0.0035
 0.0023 0.004  0.002  0.0018 0.0014 0.0018 0.0018 0.0019 0.0013 0.0034
 0.0025 0.0024 0.0014 0.0017 0.0023 0.0032 0.0018 0.0014 0.0014 0.0025
 0.0025 0.0019 0.0029 0.0022 0.0019 0.0034 0.0031 0.0028 0.0021 0.0015
 0.0029 0.0022 0.0023 0.0024 0.0025 0.0022 0.0026 0.0018 0.0025 0.003
 0.0019 0.0027 0.0016 0.0021 0.0037 0.0024 0.0015 0.0014 0.0021 0.0017
 0.0024 0.0037 0.0019 0.0014 0.0024 0.0016 0.0021 0.0016 0.0032 0.0022
 0.0014 0.0027 0.0041 0.0039 0.0033 0.0016 0.0033 0.0033 0.0014 0.0014
 0.0029 0.0022 0.0018 0.003  0.0019 0.0017 0.002  0.0014 0.0022 0.0019
 0.0018 0.0015 0.0015 0.0018 0.0017 0.002  0.003  0.0033 0.0046 0.0019
 0.0018 0.002  0.002  0.002  0.0043 0.0017 0.0015 0.0015 0.0023 0.0016
 0.0038 0.0021 0.0016 0.0015 0.0011 0.0017 0.002  0.0023 0.0023 0.003
 0.0014 0.0023 0.002  0.0032 0.0016 0.0012 0.0023 0.0026 0.0028 0.0018
 0.003  0.0021 0.0026 0.0018 0.0026 0.0041 0.0017 0.0018 0.0023 0.0022
 0.0016 0.0016 0.002  0.0016 0.0025 0.0018 0.0016 0.0019 0.002  0.0018
 0.0013 0.0024 0.002  0.0017 0.0016 0.0022 0.0035 0.0034 0.0031 0.0034
 0.0014 0.0024 0.0037 0.0018 0.0017 0.0018 0.0036 0.0015 0.0033 0.0022
 0.0015 0.0016 0.0018 0.0014 0.0029 0.0017 0.0032 0.0031 0.0016 0.0026
 0.0024 0.0018 0.0019 0.0015 0.0017 0.0019 0.0014 0.0012 0.0013 0.0017
 0.0019 0.0013 0.0016 0.002  0.002  0.0017 0.0023 0.0017 0.0018 0.0016
 0.0017 0.0017 0.0021 0.0016 0.0016 0.0019 0.0014 0.0014 0.0016 0.002
 0.0018 0.0017 0.0017 0.0022 0.0016 0.0014 0.0022 0.002  0.0016 0.0013
 0.0013 0.0018 0.0015 0.002  0.0015 0.0013 0.0018 0.002  0.0019 0.0017
 0.0018 0.0018 0.0014 0.0018 0.0014 0.002  0.0019 0.0016 0.0016 0.0012
 0.0019 0.0017 0.0015 0.0013 0.0015 0.0012 0.0019 0.0015 0.0014 0.0015
 0.0016 0.0015 0.0018 0.002  0.0014 0.0016 0.002  0.0022 0.002  0.002
 0.0014 0.002  0.0016 0.0019 0.0016 0.0018 0.0022 0.0018 0.0022 0.0029
 0.0014 0.0011 0.0016 0.0016 0.0022 0.0013 0.002  0.0014 0.0019 0.0017
 0.0018 0.0016 0.0013 0.0012 0.0016 0.0019 0.0014 0.0026 0.0014 0.0016
 0.0017 0.0019 0.0014 0.0014 0.0017 0.0017 0.0023 0.0018 0.0018 0.0016
 0.0015 0.0017 0.0015 0.0022 0.0015 0.0023 0.0016 0.0016 0.0017 0.0015
 0.0016 0.0014 0.0019 0.0018 0.0018 0.0021 0.0016 0.0015 0.0016 0.0017
 0.0017 0.0024 0.0018 0.0021 0.0019 0.002  0.0012 0.0021 0.0014 0.0018
 0.0017 0.0016 0.0017 0.0015 0.002  0.0016 0.0017 0.0023 0.0013 0.0018
 0.0019 0.0013 0.0021 0.0025 0.0019 0.0021 0.0015 0.0013 0.0019 0.0018
 0.0014 0.0015 0.0015 0.0017 0.0016 0.0015 0.0021 0.0018 0.0012 0.0016
 0.0016 0.0016 0.0019 0.002  0.0013 0.0018 0.0028 0.0011 0.0014 0.0016
 0.0019 0.0016 0.0017 0.0025 0.0013 0.0014 0.0018 0.0014 0.0018 0.0014]
 
 redW = M W M^+ =
[[-3.0048e-01  3.4872e-03  1.3003e-03]
 [-1.9019e-02  1.9820e-01  3.1063e-04]
 [ 1.6493e-05 -2.1192e-04  2.0089e-01]]
 
 spec(redW) = [-0.3003  0.1981  0.2009]
 
 redK = M K M^+ =
[[ 6.1750e+01 -1.8988e-01 -4.9826e-02]
 [ 6.8239e-01  4.2599e+01 -1.2789e-01]
 [-1.1436e-02  1.9175e-01  4.0865e+01]]
 
 spec(redK) = [61.7433 42.5914 40.8787]
 
 redA = M A M^+ =
[[-1.2677e+00  4.2006e+01  1.9686e+01]
 [ 4.0518e+01  1.5801e+00  2.0678e-01]
 [ 3.9205e+01 -1.0183e+00 -1.0879e-03]]
 
 spec(redA) = [-49.939   49.5678   0.6826]
 
 snmf_frobenius_error = 0.00015495901764724692
 
 onmf_frobenius_error = 0.20621910445727235
 
 onmf_ortho_error = 0.26240327538592895
 
 np.sqrt(||M W - M W M^+M ||^2) = 0.0001

 
 np.sqrt(||M K - M K M^+M ||^2) = 0.0213

 
 np.sqrt(||M A - M A M^+M ||^2) = 0.0277

 
 reduction_matrix_has_rank_n = True
 
 reduction_matrix_is_normalized = True
 
 reduction_matrix_is_positive = True
 
 global reduction_matrix_is_normalized = True
 
 global reduction_matrix_is_positive = True
 ------------------------------------------------------------------------------




---------------------- T1 = A -> T2 = K -> T3 = None------------------------ 

 
 V_T1 = [[ 0.0485  0.0445  0.047  ...  0.0433  0.0553  0.045 ]
 [ 0.0485  0.0445  0.047  ... -0.0433 -0.0553 -0.045 ]
 [ 0.0525  0.092  -0.0004 ...  0.0134  0.0085  0.0205]]
 
 V_T2 = [[0.0947 0.0886 0.0947 ... 0.     0.     0.    ]
 [0.     0.     0.     ... 0.     0.     0.    ]
 [0.     0.     0.     ... 0.0594 0.0792 0.0629]]
 
 V_T3 = None
 
 M = [[1.2570e-022 1.5324e-255 2.6585e-055 ... 4.2140e-003 5.5607e-003
  4.2473e-003]
 [1.6821e-003 2.9786e-149 4.3273e-003 ... 2.5660e-032 1.7538e-021
  1.0070e-043]
 [1.1196e-002 1.6277e-002 2.9909e-010 ... 1.9767e-094 5.4900e-098
  2.0046e-089]]
 
 m = [0.0043 0.0054 0.0014 0.0012 0.0015 0.0012 0.0013 0.0012 0.0057 0.0018
 0.0012 0.0017 0.0023 0.0009 0.0014 0.0019 0.0011 0.0015 0.0015 0.0019
 0.0032 0.0043 0.0018 0.0022 0.005  0.0021 0.0048 0.0011 0.0016 0.0014
 0.0055 0.0018 0.0026 0.0018 0.0015 0.0014 0.002  0.0012 0.0017 0.0032
 0.0013 0.0011 0.0016 0.0021 0.0013 0.0028 0.0013 0.0015 0.0014 0.0032
 0.0015 0.0016 0.0042 0.004  0.0027 0.002  0.0016 0.001  0.0015 0.0012
 0.0015 0.0019 0.0012 0.0028 0.0015 0.002  0.0031 0.0024 0.0012 0.0033
 0.0015 0.0041 0.0022 0.0048 0.0012 0.0014 0.002  0.0016 0.0021 0.0013
 0.0023 0.0014 0.0013 0.004  0.0019 0.0014 0.002  0.0015 0.0039 0.0018
 0.0012 0.0023 0.0018 0.0031 0.0051 0.0012 0.0013 0.0015 0.0015 0.0033
 0.0011 0.0018 0.0021 0.0013 0.002  0.0018 0.0016 0.0015 0.0056 0.0013
 0.0012 0.001  0.0016 0.0014 0.0015 0.0013 0.0016 0.0012 0.002  0.0017
 0.0011 0.0035 0.005  0.0015 0.0016 0.0014 0.0016 0.0017 0.0011 0.0035
 0.0015 0.0039 0.0016 0.0014 0.0009 0.0016 0.0011 0.0013 0.0011 0.0036
 0.0021 0.0022 0.0012 0.0015 0.0025 0.004  0.0014 0.001  0.0011 0.0023
 0.0021 0.0016 0.0031 0.0024 0.0013 0.0054 0.0046 0.0031 0.0018 0.0014
 0.0029 0.0023 0.0015 0.0018 0.0028 0.0016 0.0029 0.0015 0.0023 0.0031
 0.0017 0.0026 0.0013 0.002  0.004  0.0023 0.0013 0.0012 0.0019 0.0015
 0.0037 0.0044 0.0016 0.0011 0.002  0.0014 0.002  0.0014 0.0034 0.0019
 0.0013 0.0028 0.0058 0.006  0.0051 0.0015 0.0052 0.0038 0.0012 0.0012
 0.0025 0.0018 0.0015 0.0031 0.0017 0.0014 0.0018 0.0013 0.0034 0.0017
 0.0016 0.001  0.0013 0.0016 0.0016 0.0019 0.002  0.0052 0.0072 0.0017
 0.0012 0.0016 0.0019 0.0017 0.0043 0.0016 0.0011 0.0013 0.0021 0.0012
 0.0041 0.0017 0.0014 0.0013 0.0009 0.0015 0.0014 0.0015 0.0015 0.0037
 0.001  0.0015 0.0018 0.0034 0.0014 0.001  0.0018 0.004  0.0035 0.0017
 0.0027 0.0015 0.0024 0.0013 0.0027 0.0063 0.0015 0.0015 0.0025 0.0017
 0.0014 0.0012 0.0021 0.0015 0.0025 0.0017 0.001  0.0012 0.0019 0.0011
 0.001  0.0022 0.0016 0.0015 0.0012 0.002  0.0044 0.0039 0.0048 0.0034
 0.0012 0.0019 0.0058 0.0013 0.0015 0.0016 0.0056 0.0012 0.0037 0.0021
 0.0013 0.0014 0.0012 0.0012 0.0029 0.0015 0.0032 0.0033 0.0014 0.0039
 0.0026 0.0019 0.002  0.0015 0.0017 0.0019 0.0012 0.0011 0.0012 0.0017
 0.002  0.0012 0.0015 0.0021 0.0022 0.0017 0.0025 0.0015 0.0018 0.0014
 0.0018 0.0018 0.0022 0.0016 0.0015 0.002  0.0014 0.0014 0.0016 0.002
 0.0019 0.0018 0.0017 0.0023 0.0016 0.0012 0.0023 0.0021 0.0016 0.0012
 0.0012 0.0018 0.0015 0.0021 0.0016 0.0011 0.0017 0.0021 0.002  0.0018
 0.0017 0.0018 0.0012 0.0019 0.0013 0.0021 0.0019 0.0016 0.0016 0.0012
 0.0019 0.0018 0.0014 0.0011 0.0015 0.001  0.0021 0.0016 0.0014 0.0016
 0.0017 0.0015 0.0019 0.0021 0.0015 0.0016 0.0021 0.0023 0.0021 0.0021
 0.0011 0.0021 0.0014 0.002  0.0017 0.0019 0.0023 0.0019 0.0023 0.0031
 0.0015 0.0009 0.0015 0.0016 0.0023 0.0011 0.0022 0.0015 0.0018 0.0018
 0.0019 0.0016 0.0013 0.001  0.0016 0.0019 0.0013 0.0027 0.0013 0.0016
 0.0018 0.0019 0.0014 0.0013 0.0018 0.0017 0.0025 0.0019 0.0019 0.0015
 0.0014 0.0016 0.0016 0.0024 0.0016 0.0024 0.0016 0.0017 0.0018 0.0014
 0.0017 0.0015 0.002  0.0019 0.0019 0.0022 0.0016 0.0014 0.0015 0.0018
 0.0018 0.0026 0.0019 0.0022 0.0019 0.002  0.0014 0.0023 0.0013 0.0018
 0.0017 0.0016 0.0018 0.0015 0.002  0.0014 0.0017 0.0024 0.0013 0.0019
 0.002  0.0011 0.0022 0.0027 0.0019 0.0023 0.0013 0.0014 0.0019 0.0019
 0.0015 0.0015 0.0014 0.0017 0.0016 0.0015 0.0022 0.0019 0.001  0.0017
 0.0016 0.0015 0.002  0.0019 0.0013 0.0019 0.003  0.001  0.0011 0.0017
 0.002  0.0014 0.0018 0.0026 0.0012 0.0012 0.0019 0.0014 0.0019 0.0014]
 
 redW = M W M^+ =
[[-3.0058e-01  2.9536e-03  3.1246e-05]
 [-2.5242e-02  1.9704e-01  3.4775e-04]
 [-4.1738e-04 -6.8444e-05  2.0079e-01]]
 
 spec(redW) = [-0.3004  0.1969  0.2008]
 
 redK = M K M^+ =
[[ 6.1686e+01 -2.0236e-01  1.1045e-02]
 [ 9.0406e-01  4.2596e+01 -1.9568e-01]
 [ 3.7376e-02 -1.9318e-01  4.1262e+01]]
 
 spec(redK) = [61.6762 42.6332 41.2341]
 
 redA = M A M^+ =
[[-2.328  49.0549 13.0449]
 [39.3593  2.2347  0.2574]
 [37.6067 -1.3868  0.2497]]
 
 spec(redA) = [-49.5494  48.9565   0.7494]
 
 snmf_frobenius_error = 0.0006821699548906989
 
 onmf_frobenius_error = 0.2789458848548707
 
 onmf_ortho_error = 0.24294309666896824
 
 np.sqrt(||M W - M W M^+M ||^2) = 0.0001

 
 np.sqrt(||M K - M K M^+M ||^2) = 0.0229

 
 np.sqrt(||M A - M A M^+M ||^2) = 0.0365

 
 reduction_matrix_has_rank_n = True
 
 reduction_matrix_is_normalized = True
 
 reduction_matrix_is_positive = True
 
 global reduction_matrix_is_normalized = True
 
 global reduction_matrix_is_positive = True
 ------------------------------------------------------------------------------



Three target
---------------------- T1 = W -> T2 = K -> T3 = A------------------------ 

 
 V_T1 = [[ 0.0815  0.0807  0.0825 ...  0.      0.      0.    ]
 [ 0.      0.      0.     ...  0.      0.      0.    ]
 [ 0.      0.      0.     ... -0.0657 -0.0677 -0.068 ]]
 
 V_T2 = [[0.0947 0.0886 0.0947 ... 0.     0.     0.    ]
 [0.     0.     0.     ... 0.     0.     0.    ]
 [0.     0.     0.     ... 0.0594 0.0792 0.0629]]
 
 V_T3 = [[ 0.0485  0.0445  0.047  ...  0.0433  0.0553  0.045 ]
 [ 0.0485  0.0445  0.047  ... -0.0433 -0.0553 -0.045 ]
 [ 0.0525  0.092  -0.0004 ...  0.0134  0.0085  0.0205]]
 
 M = [[2.5242e-003 2.4985e-003 2.5548e-003 ... 4.7709e-006 4.9178e-006
  4.9446e-006]
 [1.4267e-182 1.4122e-182 1.4441e-182 ... 4.6489e-003 4.7920e-003
  4.8181e-003]
 [4.7419e-003 4.6938e-003 4.7994e-003 ... 1.3043e-321 1.2648e-321
  1.2599e-321]]
 
 m = [0.0024 0.0024 0.0025 0.0024 0.0026 0.0025 0.0023 0.0024 0.0025 0.0024
 0.0025 0.0025 0.0023 0.0026 0.0026 0.0024 0.0027 0.0026 0.0022 0.0023
 0.0023 0.0025 0.0023 0.0023 0.0025 0.0024 0.0024 0.0024 0.0024 0.0023
 0.0023 0.0024 0.0023 0.0025 0.0023 0.0024 0.0022 0.0026 0.0025 0.0023
 0.0025 0.0022 0.0025 0.0023 0.0026 0.0022 0.0024 0.0023 0.0025 0.0024
 0.0023 0.0025 0.0025 0.0026 0.0023 0.0026 0.0023 0.0025 0.0022 0.0023
 0.0023 0.0025 0.0024 0.0024 0.0023 0.0025 0.0026 0.0026 0.0024 0.0025
 0.0024 0.0024 0.0027 0.0025 0.0024 0.0025 0.0026 0.0026 0.0025 0.0026
 0.0025 0.0025 0.0025 0.0023 0.0025 0.0024 0.0022 0.0026 0.0026 0.0025
 0.0026 0.0022 0.0026 0.0024 0.0024 0.0025 0.0024 0.0023 0.0024 0.0025
 0.0026 0.0024 0.0024 0.0023 0.0023 0.0023 0.0024 0.0025 0.0023 0.0025
 0.0024 0.0024 0.0024 0.0024 0.0022 0.0022 0.0023 0.0022 0.0024 0.0023
 0.0024 0.0023 0.0023 0.0025 0.0023 0.0022 0.0025 0.0026 0.0026 0.0026
 0.0025 0.0028 0.0023 0.0026 0.0024 0.0023 0.0024 0.0024 0.0025 0.0025
 0.0024 0.0023 0.0026 0.0025 0.0023 0.0025 0.0024 0.0022 0.0025 0.0023
 0.002  0.0021 0.0021 0.0018 0.0021 0.0022 0.002  0.0019 0.0018 0.0021
 0.002  0.0019 0.002  0.002  0.0018 0.0018 0.0021 0.0018 0.0021 0.002
 0.0021 0.002  0.002  0.002  0.002  0.0022 0.002  0.0021 0.0019 0.002
 0.0021 0.002  0.002  0.002  0.002  0.002  0.002  0.0022 0.0021 0.0021
 0.0021 0.002  0.0021 0.0021 0.002  0.0019 0.0021 0.0019 0.0019 0.0019
 0.0022 0.0021 0.0018 0.002  0.0021 0.0022 0.0017 0.002  0.002  0.002
 0.002  0.0021 0.0021 0.002  0.002  0.0021 0.0019 0.0022 0.0018 0.0021
 0.0022 0.0019 0.0021 0.002  0.0021 0.0019 0.0019 0.002  0.0019 0.0021
 0.0019 0.002  0.0019 0.002  0.0023 0.0019 0.0022 0.0021 0.002  0.002
 0.0019 0.0021 0.0021 0.002  0.002  0.0021 0.002  0.0021 0.0021 0.002
 0.002  0.002  0.002  0.002  0.002  0.002  0.0022 0.0019 0.0019 0.002
 0.002  0.002  0.0022 0.002  0.0018 0.002  0.002  0.002  0.002  0.002
 0.002  0.0018 0.0022 0.002  0.0022 0.0021 0.0021 0.0021 0.0019 0.0019
 0.002  0.0019 0.0021 0.0019 0.002  0.002  0.002  0.0021 0.002  0.0019
 0.002  0.002  0.0023 0.0019 0.002  0.0021 0.0023 0.0021 0.002  0.002
 0.0017 0.0017 0.0017 0.0017 0.0018 0.0017 0.0016 0.0017 0.0017 0.0017
 0.0018 0.0017 0.0016 0.0018 0.0018 0.0016 0.0018 0.0018 0.0015 0.0016
 0.0016 0.0017 0.0016 0.0016 0.0017 0.0017 0.0017 0.0016 0.0017 0.0016
 0.0016 0.0016 0.0016 0.0017 0.0016 0.0017 0.0015 0.0018 0.0017 0.0016
 0.0017 0.0015 0.0017 0.0016 0.0018 0.0015 0.0017 0.0016 0.0017 0.0017
 0.0016 0.0017 0.0017 0.0018 0.0016 0.0018 0.0016 0.0018 0.0015 0.0016
 0.0016 0.0017 0.0016 0.0017 0.0016 0.0017 0.0018 0.0018 0.0016 0.0017
 0.0016 0.0016 0.0019 0.0017 0.0016 0.0017 0.0018 0.0018 0.0017 0.0018
 0.0017 0.0017 0.0017 0.0016 0.0017 0.0016 0.0015 0.0018 0.0018 0.0017
 0.0018 0.0015 0.0018 0.0016 0.0017 0.0017 0.0017 0.0016 0.0017 0.0017
 0.0018 0.0017 0.0017 0.0016 0.0016 0.0016 0.0016 0.0017 0.0016 0.0017
 0.0016 0.0017 0.0016 0.0017 0.0015 0.0015 0.0016 0.0015 0.0017 0.0016
 0.0017 0.0016 0.0016 0.0017 0.0016 0.0015 0.0018 0.0018 0.0018 0.0018
 0.0017 0.0019 0.0016 0.0018 0.0016 0.0016 0.0017 0.0016 0.0017 0.0018
 0.0016 0.0016 0.0018 0.0017 0.0016 0.0017 0.0017 0.0015 0.0018 0.0016
 0.0017 0.0018 0.0017 0.0015 0.0017 0.0018 0.0017 0.0016 0.0015 0.0017
 0.0016 0.0016 0.0017 0.0016 0.0015 0.0015 0.0017 0.0015 0.0018 0.0016
 0.0018 0.0016 0.0017 0.0016 0.0017 0.0019 0.0016 0.0018 0.0016 0.0017
 0.0018 0.0017 0.0017 0.0017 0.0017 0.0016 0.0016 0.0018 0.0017 0.0017
 0.0017 0.0017 0.0017 0.0017 0.0017 0.0016 0.0017 0.0016 0.0016 0.0016]
 
 redW = M W M^+ =
[[ 2.0143e-01 -5.1675e-04 -2.5999e-05]
 [-4.4059e-11 -3.0210e-01  3.3498e-11]
 [ 2.2695e-05 -2.3290e-08  2.0137e-01]]
 
 spec(redW) = [ 0.2014  0.2014 -0.3021]
 
 redK = M K M^+ =
[[ 4.0450e+01  2.0400e-02 -1.9238e-01]
 [-4.9474e-10  6.0328e+01  3.7616e-10]
 [ 1.6793e-01 -1.7234e-04  3.9999e+01]]
 
 spec(redK) = [40.3605 40.0885 60.3284]
 
 redA = M A M^+ =
[[ 3.9674e-02  4.0107e+01  2.2123e-02]
 [ 3.8659e+01 -3.9674e-02  2.1557e+01]
 [-6.1804e-09  4.0063e+01  4.6990e-09]]
 
 spec(redA) = [-4.9134e+01  7.6271e-11  4.9134e+01]
 
 snmf_frobenius_error = 7.540576875497188e-09
 
 onmf_frobenius_error = 0.00016557053161688292
 
 onmf_ortho_error = 1.1363111923418279
 
 np.sqrt(||M W - M W M^+M ||^2) = 0.0

 
 np.sqrt(||M K - M K M^+M ||^2) = 0.0182

 
 np.sqrt(||M A - M A M^+M ||^2) = 0.0195

 
 reduction_matrix_has_rank_n = True
 
 reduction_matrix_is_normalized = True
 
 reduction_matrix_is_positive = True
 
 global reduction_matrix_is_normalized = True
 
 global reduction_matrix_is_positive = True
 ------------------------------------------------------------------------------




---------------------- T1 = W -> T2 = A -> T3 = K------------------------ 

 
 V_T1 = [[ 0.0815  0.0807  0.0825 ...  0.      0.      0.    ]
 [ 0.      0.      0.     ...  0.      0.      0.    ]
 [ 0.      0.      0.     ... -0.0657 -0.0677 -0.068 ]]
 
 V_T2 = [[ 0.0485  0.0445  0.047  ...  0.0433  0.0553  0.045 ]
 [ 0.0485  0.0445  0.047  ... -0.0433 -0.0553 -0.045 ]
 [ 0.0525  0.092  -0.0004 ...  0.0134  0.0085  0.0205]]
 
 V_T3 = [[0.0947 0.0886 0.0947 ... 0.     0.     0.    ]
 [0.     0.     0.     ... 0.     0.     0.    ]
 [0.     0.     0.     ... 0.0594 0.0792 0.0629]]
 
 M = [[3.7428e-003 3.7048e-003 3.7882e-003 ... 3.1075e-085 3.2033e-085
  3.2208e-085]
 [5.6457e-103 5.5884e-103 5.7142e-103 ... 4.6489e-003 4.7920e-003
  4.8181e-003]
 [7.8202e-004 7.7409e-004 7.9150e-004 ... 1.9803e-005 2.0412e-005
  2.0523e-005]]
 
 m = [0.0015 0.0015 0.0015 0.0015 0.0016 0.0016 0.0014 0.0015 0.0015 0.0015
 0.0016 0.0015 0.0014 0.0016 0.0016 0.0015 0.0017 0.0016 0.0014 0.0014
 0.0014 0.0016 0.0014 0.0014 0.0015 0.0015 0.0015 0.0015 0.0015 0.0014
 0.0015 0.0015 0.0015 0.0016 0.0015 0.0015 0.0014 0.0016 0.0016 0.0014
 0.0015 0.0014 0.0015 0.0014 0.0016 0.0014 0.0015 0.0015 0.0016 0.0015
 0.0015 0.0016 0.0015 0.0016 0.0014 0.0016 0.0014 0.0016 0.0014 0.0014
 0.0014 0.0015 0.0015 0.0015 0.0014 0.0016 0.0016 0.0016 0.0015 0.0016
 0.0015 0.0015 0.0017 0.0016 0.0015 0.0016 0.0016 0.0016 0.0015 0.0016
 0.0015 0.0016 0.0015 0.0014 0.0016 0.0015 0.0014 0.0016 0.0016 0.0016
 0.0016 0.0014 0.0016 0.0015 0.0015 0.0016 0.0015 0.0014 0.0015 0.0016
 0.0016 0.0015 0.0015 0.0015 0.0015 0.0014 0.0015 0.0016 0.0014 0.0015
 0.0015 0.0015 0.0015 0.0015 0.0014 0.0014 0.0014 0.0014 0.0015 0.0014
 0.0015 0.0014 0.0014 0.0015 0.0014 0.0014 0.0016 0.0016 0.0016 0.0016
 0.0015 0.0017 0.0014 0.0016 0.0015 0.0014 0.0015 0.0015 0.0016 0.0016
 0.0015 0.0015 0.0016 0.0016 0.0015 0.0015 0.0015 0.0014 0.0016 0.0014
 0.003  0.0031 0.003  0.0026 0.003  0.0032 0.003  0.0027 0.0027 0.003
 0.0028 0.0027 0.0029 0.0028 0.0026 0.0025 0.003  0.0027 0.0031 0.0028
 0.0031 0.0029 0.003  0.0029 0.0029 0.0033 0.0029 0.0031 0.0028 0.003
 0.0031 0.0029 0.003  0.0029 0.0029 0.0028 0.0029 0.0032 0.003  0.0031
 0.0031 0.0029 0.003  0.0031 0.003  0.0028 0.003  0.0027 0.0028 0.0028
 0.0031 0.003  0.0026 0.0029 0.0031 0.0032 0.0025 0.0029 0.0029 0.0029
 0.0029 0.003  0.003  0.0028 0.003  0.003  0.0028 0.0032 0.0026 0.003
 0.0031 0.0028 0.0031 0.0029 0.003  0.0027 0.0028 0.0029 0.0028 0.003
 0.0028 0.0029 0.0027 0.0029 0.0033 0.0027 0.0031 0.003  0.0029 0.0029
 0.0028 0.003  0.0031 0.0029 0.0029 0.003  0.0029 0.003  0.003  0.003
 0.0029 0.0029 0.003  0.003  0.003  0.0029 0.0031 0.0028 0.0028 0.0028
 0.0029 0.0029 0.0032 0.0029 0.0026 0.0029 0.0029 0.0029 0.003  0.0029
 0.0029 0.0026 0.0032 0.0029 0.0032 0.003  0.0031 0.0031 0.0028 0.0028
 0.0028 0.0028 0.003  0.0028 0.003  0.003  0.0028 0.003  0.0029 0.0028
 0.0029 0.0028 0.0033 0.0027 0.0029 0.003  0.0033 0.003  0.0029 0.0029
 0.0017 0.0017 0.0017 0.0017 0.0018 0.0017 0.0016 0.0017 0.0017 0.0017
 0.0018 0.0017 0.0016 0.0018 0.0018 0.0016 0.0018 0.0018 0.0015 0.0016
 0.0016 0.0017 0.0016 0.0016 0.0017 0.0017 0.0017 0.0016 0.0017 0.0016
 0.0016 0.0016 0.0016 0.0017 0.0016 0.0017 0.0015 0.0018 0.0017 0.0016
 0.0017 0.0015 0.0017 0.0016 0.0018 0.0016 0.0017 0.0016 0.0017 0.0017
 0.0016 0.0018 0.0017 0.0018 0.0016 0.0018 0.0016 0.0018 0.0015 0.0016
 0.0016 0.0017 0.0016 0.0017 0.0016 0.0017 0.0018 0.0018 0.0017 0.0018
 0.0016 0.0016 0.0019 0.0017 0.0017 0.0017 0.0018 0.0018 0.0017 0.0018
 0.0017 0.0017 0.0017 0.0016 0.0018 0.0016 0.0015 0.0018 0.0018 0.0017
 0.0018 0.0015 0.0018 0.0016 0.0017 0.0017 0.0017 0.0016 0.0017 0.0017
 0.0018 0.0017 0.0017 0.0016 0.0016 0.0016 0.0016 0.0017 0.0016 0.0017
 0.0016 0.0017 0.0017 0.0017 0.0015 0.0015 0.0016 0.0015 0.0017 0.0016
 0.0017 0.0016 0.0016 0.0017 0.0016 0.0015 0.0018 0.0018 0.0018 0.0018
 0.0017 0.0019 0.0016 0.0018 0.0016 0.0016 0.0017 0.0016 0.0017 0.0018
 0.0016 0.0016 0.0018 0.0017 0.0016 0.0017 0.0017 0.0015 0.0018 0.0016
 0.0017 0.0018 0.0017 0.0015 0.0017 0.0018 0.0017 0.0016 0.0015 0.0017
 0.0016 0.0016 0.0017 0.0016 0.0015 0.0015 0.0017 0.0015 0.0018 0.0016
 0.0018 0.0016 0.0017 0.0017 0.0017 0.0019 0.0016 0.0018 0.0016 0.0017
 0.0018 0.0017 0.0017 0.0017 0.0017 0.0016 0.0016 0.0019 0.0017 0.0018
 0.0017 0.0017 0.0017 0.0017 0.0017 0.0016 0.0017 0.0016 0.0016 0.0016]
 
 redW = M W M^+ =
[[ 2.0138e-01 -8.7162e-08  2.0462e-05]
 [ 3.4014e-11 -3.0210e-01 -3.8303e-11]
 [-8.5578e-06 -2.1448e-03  2.0142e-01]]
 
 spec(redW) = [ 0.2014  0.2014 -0.3021]
 
 redK = M K M^+ =
[[ 4.0057e+01 -6.4516e-04  1.5146e-01]
 [ 3.8178e-10  6.0328e+01 -4.2998e-10]
 [-6.3446e-02  8.4921e-02  4.0392e+01]]
 
 spec(redK) = [40.0885 40.3605 60.3284]
 
 redA = M A M^+ =
[[ 4.7600e-09  4.0102e+01 -5.3603e-09]
 [ 5.1580e+01 -3.6776e-02  8.6337e+00]
 [ 2.1971e-01  4.0043e+01  3.6776e-02]]
 
 spec(redA) = [ 4.9134e+01 -4.9134e+01  1.0261e-10]
 
 snmf_frobenius_error = 1.9445542550249438e-08
 
 onmf_frobenius_error = 7.307165346718681e-05
 
 onmf_ortho_error = 1.0097080010704538
 
 np.sqrt(||M W - M W M^+M ||^2) = 0.0

 
 np.sqrt(||M K - M K M^+M ||^2) = 0.019

 
 np.sqrt(||M A - M A M^+M ||^2) = 0.0205

 
 reduction_matrix_has_rank_n = True
 
 reduction_matrix_is_normalized = True
 
 reduction_matrix_is_positive = True
 
 global reduction_matrix_is_normalized = True
 
 global reduction_matrix_is_positive = True
 ------------------------------------------------------------------------------




---------------------- T1 = K -> T2 = W -> T3 = A------------------------ 

 
 V_T1 = [[0.0947 0.0886 0.0947 ... 0.     0.     0.    ]
 [0.     0.     0.     ... 0.     0.     0.    ]
 [0.     0.     0.     ... 0.0594 0.0792 0.0629]]
 
 V_T2 = [[ 0.0815  0.0807  0.0825 ...  0.      0.      0.    ]
 [ 0.      0.      0.     ...  0.      0.      0.    ]
 [ 0.      0.      0.     ... -0.0657 -0.0677 -0.068 ]]
 
 V_T3 = [[ 0.0485  0.0445  0.047  ...  0.0433  0.0553  0.045 ]
 [ 0.0485  0.0445  0.047  ... -0.0433 -0.0553 -0.045 ]
 [ 0.0525  0.092  -0.0004 ...  0.0134  0.0085  0.0205]]
 
 M = [[2.9256e-003 2.7389e-003 2.9256e-003 ... 1.4298e-320 1.0726e-320
  1.3508e-320]
 [7.2528e-243 6.7680e-243 7.2528e-243 ... 4.2257e-003 5.6343e-003
  4.4743e-003]
 [5.1221e-003 4.7952e-003 5.1221e-003 ... 1.0651e-006 1.4202e-006
  1.1277e-006]]
 
 m = [0.003  0.0028 0.003  0.0025 0.0025 0.0022 0.0027 0.0023 0.0028 0.0023
 0.0025 0.0023 0.0024 0.0019 0.0023 0.0029 0.0022 0.0028 0.0029 0.0036
 0.0024 0.0027 0.0029 0.0019 0.0025 0.0025 0.0024 0.0023 0.0027 0.0026
 0.0027 0.0025 0.0023 0.0024 0.0027 0.002  0.003  0.0027 0.0029 0.0022
 0.0023 0.0019 0.0029 0.0035 0.0025 0.0023 0.0027 0.0023 0.0024 0.003
 0.0022 0.0025 0.0021 0.0021 0.0025 0.0025 0.0032 0.0022 0.0025 0.0025
 0.0029 0.0026 0.0025 0.0023 0.0027 0.0033 0.0032 0.0021 0.0022 0.002
 0.003  0.0027 0.0024 0.0023 0.002  0.0023 0.0029 0.003  0.003  0.0023
 0.0016 0.0026 0.0021 0.0026 0.0029 0.0029 0.0025 0.003  0.0025 0.003
 0.0024 0.0028 0.0031 0.0027 0.0025 0.0022 0.0023 0.0025 0.0032 0.0026
 0.0021 0.0033 0.0023 0.0025 0.0022 0.0031 0.0029 0.0022 0.0028 0.0026
 0.0025 0.0018 0.0027 0.0023 0.0023 0.0026 0.0025 0.002  0.0024 0.003
 0.0022 0.0022 0.0027 0.0028 0.002  0.0026 0.002  0.0032 0.0021 0.0025
 0.003  0.0029 0.0031 0.0029 0.0018 0.0023 0.0023 0.0027 0.002  0.0025
 0.0029 0.0033 0.0023 0.0024 0.0022 0.0024 0.0028 0.0021 0.0022 0.0027
 0.0027 0.0028 0.0026 0.0019 0.0024 0.0024 0.0024 0.0023 0.0022 0.0021
 0.002  0.0021 0.0027 0.0026 0.0022 0.0024 0.0018 0.0027 0.0024 0.0021
 0.0027 0.0025 0.0024 0.0028 0.0026 0.0023 0.0023 0.002  0.0028 0.0026
 0.0017 0.0027 0.0028 0.002  0.0025 0.0023 0.0022 0.0024 0.0028 0.0034
 0.0021 0.0024 0.0028 0.0027 0.0024 0.0023 0.0024 0.0023 0.0021 0.0021
 0.003  0.0024 0.002  0.0022 0.0019 0.0026 0.0026 0.0021 0.0017 0.0029
 0.0024 0.002  0.0022 0.0018 0.0024 0.0025 0.0035 0.0024 0.0033 0.0027
 0.0023 0.0023 0.0026 0.0031 0.003  0.0023 0.0021 0.0023 0.0023 0.0023
 0.0026 0.0022 0.0025 0.0023 0.0017 0.0026 0.0023 0.0028 0.0028 0.0021
 0.0019 0.0028 0.0026 0.0022 0.002  0.0018 0.0024 0.0019 0.002  0.0025
 0.003  0.0024 0.0034 0.0025 0.0023 0.003  0.0027 0.0027 0.0016 0.0024
 0.0024 0.0023 0.0018 0.002  0.0023 0.0025 0.002  0.0024 0.0028 0.0022
 0.002  0.0031 0.0021 0.0024 0.0024 0.0023 0.0025 0.0024 0.0023 0.0024
 0.0021 0.0027 0.0027 0.0024 0.0024 0.0028 0.0026 0.0022 0.0023 0.0021
 0.0024 0.0023 0.0024 0.002  0.002  0.0026 0.0029 0.0021 0.0025 0.002
 0.0013 0.0013 0.0013 0.0012 0.0013 0.0015 0.0013 0.0011 0.0012 0.0013
 0.0014 0.0011 0.0014 0.0015 0.0013 0.0014 0.0014 0.0016 0.0015 0.0014
 0.0011 0.0011 0.0013 0.0012 0.0013 0.0012 0.0012 0.0012 0.0013 0.0015
 0.0013 0.0013 0.0014 0.0013 0.0013 0.0014 0.0015 0.0012 0.0012 0.0012
 0.0012 0.0014 0.0012 0.0013 0.0011 0.0014 0.0015 0.0014 0.0011 0.0013
 0.0015 0.0015 0.0013 0.0012 0.0013 0.0015 0.0014 0.0012 0.0012 0.001
 0.0015 0.0014 0.0012 0.0013 0.0013 0.0011 0.0012 0.0012 0.0012 0.0011
 0.0012 0.0013 0.0012 0.0015 0.0011 0.0014 0.0013 0.0015 0.0013 0.0013
 0.0015 0.0015 0.0015 0.0011 0.0011 0.0012 0.0014 0.0014 0.0014 0.0014
 0.0011 0.0012 0.0014 0.0013 0.0012 0.0012 0.0014 0.0012 0.0015 0.0013
 0.0012 0.0012 0.001  0.0012 0.0013 0.0015 0.0013 0.0017 0.0011 0.0012
 0.0012 0.0016 0.0012 0.0013 0.0012 0.0014 0.0011 0.0012 0.0012 0.0014
 0.0013 0.0014 0.0012 0.0013 0.0011 0.0016 0.0013 0.0012 0.0014 0.0012
 0.0012 0.001  0.0013 0.0013 0.0013 0.0015 0.0013 0.0013 0.0015 0.0014
 0.0012 0.0013 0.0013 0.0012 0.0013 0.0016 0.0015 0.0012 0.0011 0.0015
 0.0012 0.0013 0.0013 0.0012 0.0015 0.0015 0.0012 0.0013 0.001  0.0013
 0.0013 0.0012 0.0015 0.0014 0.0014 0.0014 0.0013 0.0011 0.0014 0.0012
 0.001  0.0012 0.0013 0.0011 0.0012 0.0012 0.0014 0.0012 0.0012 0.0012
 0.0014 0.0014 0.0011 0.0017 0.0011 0.0013 0.0015 0.0011 0.0015 0.0012
 0.0014 0.0015 0.0011 0.0018 0.0011 0.0012 0.0012 0.0011 0.0015 0.0012]
 
 redW = M W M^+ =
[[ 2.0046e-01  3.0206e-08 -1.1984e-04]
 [-3.1167e-12 -3.0047e-01  3.5963e-12]
 [ 1.1540e-04 -1.2619e-04  2.0018e-01]]
 
 spec(redW) = [ 0.2004  0.2002 -0.3005]
 
 redK = M K M^+ =
[[ 4.2326e+01  7.9603e-05 -3.1582e-01]
 [-1.5905e-07  6.1919e+01  1.8353e-07]
 [ 3.0411e-01  5.1218e-03  4.1599e+01]]
 
 spec(redK) = [42.152  41.7728 61.919 ]
 
 redA = M A M^+ =
[[-1.8236e-09  4.1137e+01  2.1042e-09]
 [ 3.4374e+01 -6.7401e-03  2.6740e+01]
 [ 8.6643e-03  4.1002e+01  6.7400e-03]]
 
 spec(redA) = [ 5.0105e+01 -1.8415e-08 -5.0105e+01]
 
 snmf_frobenius_error = 9.689239503963395e-09
 
 onmf_frobenius_error = 7.797537740346097e-05
 
 onmf_ortho_error = 1.2070345013030157
 
 np.sqrt(||M W - M W M^+M ||^2) = 0.0

 
 np.sqrt(||M K - M K M^+M ||^2) = 0.0187

 
 np.sqrt(||M A - M A M^+M ||^2) = 0.0042

 
 reduction_matrix_has_rank_n = True
 
 reduction_matrix_is_normalized = True
 
 reduction_matrix_is_positive = True
 
 global reduction_matrix_is_normalized = True
 
 global reduction_matrix_is_positive = True
 ------------------------------------------------------------------------------




---------------------- T1 = K -> T2 = A -> T3 = W------------------------ 

 
 V_T1 = [[0.0947 0.0886 0.0947 ... 0.     0.     0.    ]
 [0.     0.     0.     ... 0.     0.     0.    ]
 [0.     0.     0.     ... 0.0594 0.0792 0.0629]]
 
 V_T2 = [[ 0.0485  0.0445  0.047  ...  0.0433  0.0553  0.045 ]
 [ 0.0485  0.0445  0.047  ... -0.0433 -0.0553 -0.045 ]
 [ 0.0525  0.092  -0.0004 ...  0.0134  0.0085  0.0205]]
 
 V_T3 = [[ 0.0815  0.0807  0.0825 ...  0.      0.      0.    ]
 [ 0.      0.      0.     ...  0.      0.      0.    ]
 [ 0.      0.      0.     ... -0.0657 -0.0677 -0.068 ]]
 
 M = [[5.5330e-003 5.1799e-003 5.5330e-003 ... 1.8779e-006 2.5039e-006
  1.9884e-006]
 [1.1409e-182 1.0668e-182 1.1409e-182 ... 4.2257e-003 5.6343e-003
  4.4743e-003]
 [2.9913e-003 2.8004e-003 2.9913e-003 ... 6.9743e-301 9.3278e-301
  7.3896e-301]]
 
 m = [0.0028 0.0027 0.0028 0.0024 0.0024 0.0021 0.0026 0.0022 0.0027 0.0022
 0.0024 0.0022 0.0023 0.0018 0.0022 0.0027 0.0021 0.0027 0.0027 0.0034
 0.0023 0.0025 0.0027 0.0018 0.0024 0.0024 0.0023 0.0022 0.0025 0.0025
 0.0026 0.0024 0.0022 0.0023 0.0026 0.0019 0.0028 0.0025 0.0027 0.0021
 0.0022 0.0018 0.0028 0.0033 0.0024 0.0022 0.0025 0.0022 0.0023 0.0029
 0.0021 0.0024 0.002  0.002  0.0024 0.0024 0.003  0.0021 0.0024 0.0024
 0.0028 0.0025 0.0024 0.0022 0.0025 0.0031 0.0031 0.002  0.0021 0.0019
 0.0028 0.0026 0.0023 0.0022 0.0019 0.0022 0.0027 0.0029 0.0029 0.0022
 0.0016 0.0025 0.002  0.0025 0.0027 0.0027 0.0024 0.0028 0.0024 0.0029
 0.0023 0.0027 0.003  0.0025 0.0024 0.0021 0.0022 0.0024 0.003  0.0025
 0.002  0.0031 0.0022 0.0024 0.0021 0.003  0.0027 0.0021 0.0027 0.0025
 0.0024 0.0017 0.0026 0.0022 0.0022 0.0025 0.0024 0.0019 0.0023 0.0029
 0.0021 0.0021 0.0025 0.0027 0.0019 0.0025 0.0019 0.0031 0.002  0.0024
 0.0028 0.0028 0.003  0.0027 0.0018 0.0022 0.0022 0.0026 0.0019 0.0024
 0.0027 0.0031 0.0022 0.0023 0.0021 0.0023 0.0027 0.002  0.0021 0.0026
 0.0023 0.0024 0.0022 0.0016 0.0021 0.0021 0.002  0.002  0.0019 0.0018
 0.0017 0.0018 0.0023 0.0022 0.0019 0.0021 0.0016 0.0023 0.002  0.0018
 0.0023 0.0021 0.0021 0.0024 0.0022 0.002  0.0019 0.0017 0.0024 0.0022
 0.0015 0.0023 0.0024 0.0017 0.0021 0.0019 0.0019 0.002  0.0024 0.0029
 0.0018 0.002  0.0024 0.0023 0.002  0.002  0.002  0.0019 0.0018 0.0018
 0.0025 0.002  0.0017 0.0019 0.0016 0.0022 0.0022 0.0018 0.0014 0.0025
 0.002  0.0017 0.0019 0.0016 0.002  0.0021 0.003  0.002  0.0028 0.0023
 0.002  0.0019 0.0022 0.0026 0.0025 0.002  0.0018 0.0019 0.002  0.0019
 0.0022 0.0019 0.0021 0.002  0.0014 0.0022 0.0019 0.0024 0.0024 0.0018
 0.0016 0.0024 0.0022 0.0019 0.0017 0.0015 0.0021 0.0016 0.0017 0.0021
 0.0026 0.002  0.0029 0.0021 0.002  0.0025 0.0023 0.0023 0.0014 0.0021
 0.002  0.002  0.0016 0.0017 0.002  0.0021 0.0017 0.0021 0.0024 0.0019
 0.0017 0.0027 0.0018 0.002  0.002  0.002  0.0021 0.0021 0.002  0.0021
 0.0018 0.0023 0.0023 0.002  0.0021 0.0024 0.0022 0.0019 0.002  0.0018
 0.002  0.002  0.002  0.0017 0.0017 0.0022 0.0025 0.0018 0.0021 0.0017
 0.0017 0.0017 0.0017 0.0015 0.0017 0.0019 0.0017 0.0014 0.0015 0.0017
 0.0018 0.0014 0.0018 0.002  0.0017 0.0018 0.0018 0.0021 0.0019 0.0019
 0.0014 0.0014 0.0017 0.0016 0.0016 0.0016 0.0015 0.0015 0.0017 0.0019
 0.0017 0.0017 0.0017 0.0016 0.0017 0.0018 0.0019 0.0016 0.0015 0.0015
 0.0016 0.0017 0.0015 0.0017 0.0014 0.0017 0.002  0.0018 0.0014 0.0016
 0.002  0.0019 0.0017 0.0015 0.0017 0.0019 0.0018 0.0016 0.0015 0.0013
 0.0019 0.0018 0.0016 0.0016 0.0017 0.0014 0.0015 0.0015 0.0015 0.0014
 0.0015 0.0017 0.0015 0.002  0.0014 0.0017 0.0017 0.0019 0.0017 0.0016
 0.0019 0.0019 0.0019 0.0015 0.0014 0.0016 0.0017 0.0019 0.0018 0.0018
 0.0014 0.0015 0.0017 0.0017 0.0015 0.0015 0.0018 0.0015 0.002  0.0017
 0.0015 0.0016 0.0013 0.0015 0.0017 0.0019 0.0016 0.0022 0.0015 0.0016
 0.0016 0.0021 0.0015 0.0017 0.0015 0.0018 0.0014 0.0015 0.0015 0.0018
 0.0017 0.0018 0.0015 0.0016 0.0014 0.002  0.0017 0.0015 0.0017 0.0015
 0.0015 0.0013 0.0017 0.0016 0.0017 0.0019 0.0016 0.0016 0.0019 0.0018
 0.0015 0.0017 0.0017 0.0015 0.0017 0.0021 0.0019 0.0016 0.0014 0.0019
 0.0016 0.0017 0.0016 0.0016 0.002  0.0019 0.0016 0.0017 0.0013 0.0017
 0.0017 0.0015 0.0019 0.0018 0.0018 0.0018 0.0017 0.0014 0.0018 0.0016
 0.0013 0.0015 0.0017 0.0015 0.0016 0.0015 0.0018 0.0016 0.0015 0.0016
 0.0017 0.0018 0.0014 0.0021 0.0015 0.0017 0.002  0.0014 0.0019 0.0016
 0.0019 0.0019 0.0014 0.0023 0.0014 0.0016 0.0015 0.0014 0.0019 0.0015]
 
 redW = M W M^+ =
[[ 2.0020e-01 -2.2250e-04  9.1176e-05]
 [ 9.7708e-13 -3.0047e-01 -8.3506e-13]
 [-1.0445e-04  4.6417e-08  2.0044e-01]]
 
 spec(redW) = [ 0.2002  0.2004 -0.3005]
 
 redK = M K M^+ =
[[ 4.1643e+01  9.0109e-03  2.4028e-01]
 [ 4.9867e-08  6.1919e+01 -4.2620e-08]
 [-2.7524e-01  1.2232e-04  4.2282e+01]]
 
 spec(redK) = [41.7728 42.152  61.919 ]
 
 redA = M A M^+ =
[[ 9.5662e-03  4.0971e+01  1.7595e-02]
 [ 2.1526e+01 -9.5662e-03  3.9592e+01]
 [ 4.9237e-10  4.1134e+01 -4.2083e-10]]
 
 spec(redA) = [-5.0105e+01 -5.8354e-09  5.0105e+01]
 
 snmf_frobenius_error = 1.9404811693998505e-08
 
 onmf_frobenius_error = 4.230089890317865e-05
 
 onmf_ortho_error = 1.1465697278614837
 
 np.sqrt(||M W - M W M^+M ||^2) = 0.0

 
 np.sqrt(||M K - M K M^+M ||^2) = 0.0188

 
 np.sqrt(||M A - M A M^+M ||^2) = 0.0048

 
 reduction_matrix_has_rank_n = True
 
 reduction_matrix_is_normalized = True
 
 reduction_matrix_is_positive = True
 
 global reduction_matrix_is_normalized = True
 
 global reduction_matrix_is_positive = True
 ------------------------------------------------------------------------------




---------------------- T1 = A -> T2 = W -> T3 = K------------------------ 

 
 V_T1 = [[ 0.0485  0.0445  0.047  ...  0.0433  0.0553  0.045 ]
 [ 0.0485  0.0445  0.047  ... -0.0433 -0.0553 -0.045 ]
 [ 0.0525  0.092  -0.0004 ...  0.0134  0.0085  0.0205]]
 
 V_T2 = [[ 0.0815  0.0807  0.0825 ...  0.      0.      0.    ]
 [ 0.      0.      0.     ...  0.      0.      0.    ]
 [ 0.      0.      0.     ... -0.0657 -0.0677 -0.068 ]]
 
 V_T3 = [[0.0947 0.0886 0.0947 ... 0.     0.     0.    ]
 [0.     0.     0.     ... 0.     0.     0.    ]
 [0.     0.     0.     ... 0.0594 0.0792 0.0629]]
 
 M = [[6.1542e-004 9.1630e-004 0.0000e+000 ... 1.5340e-073 1.0037e-003
  5.3282e-032]
 [6.1694e-064 4.3197e-074 4.8034e-173 ... 4.4820e-003 5.4592e-003
  4.6662e-003]
 [5.9216e-003 5.2030e-003 7.0240e-003 ... 1.8883e-005 0.0000e+000
  1.1426e-030]]
 
 m = [0.0021 0.0019 0.0022 0.0019 0.002  0.0015 0.0023 0.0025 0.0019 0.0022
 0.0017 0.0025 0.0019 0.0017 0.0023 0.0022 0.0023 0.0018 0.002  0.0034
 0.0016 0.0018 0.0018 0.0014 0.002  0.0017 0.0019 0.0016 0.002  0.002
 0.002  0.0021 0.0018 0.0016 0.0022 0.0015 0.0023 0.0019 0.0019 0.0016
 0.0017 0.0015 0.002  0.0035 0.0018 0.0016 0.0028 0.0019 0.0016 0.0021
 0.0015 0.0018 0.0017 0.0016 0.0017 0.002  0.0029 0.0017 0.0019 0.0017
 0.0023 0.0017 0.0019 0.0018 0.0018 0.0027 0.0027 0.0016 0.0015 0.0017
 0.0025 0.0022 0.0017 0.0018 0.0014 0.0016 0.0021 0.0023 0.0025 0.0023
 0.0014 0.0018 0.0014 0.0018 0.0032 0.0026 0.0021 0.0021 0.0018 0.0024
 0.0017 0.0025 0.0025 0.0019 0.0019 0.0024 0.0017 0.0017 0.0033 0.0019
 0.0018 0.0025 0.0018 0.0017 0.0016 0.0022 0.0021 0.0016 0.0022 0.0017
 0.0017 0.0016 0.0029 0.0026 0.0018 0.0019 0.0021 0.0014 0.0017 0.0027
 0.0023 0.0015 0.002  0.0019 0.002  0.0019 0.0017 0.0024 0.0016 0.0023
 0.0026 0.0024 0.0024 0.0019 0.0019 0.0017 0.0016 0.0027 0.002  0.002
 0.0022 0.0023 0.0019 0.0019 0.0021 0.0019 0.0019 0.0016 0.002  0.0022
 0.0022 0.0023 0.002  0.0017 0.0018 0.0021 0.0019 0.002  0.0017 0.0016
 0.0016 0.0019 0.0023 0.0019 0.0016 0.0018 0.0015 0.0019 0.002  0.0016
 0.0023 0.002  0.0022 0.0024 0.0024 0.0018 0.0017 0.0018 0.0023 0.0029
 0.0016 0.0022 0.0027 0.0017 0.002  0.002  0.0017 0.0019 0.0021 0.0036
 0.0016 0.0017 0.0031 0.0021 0.0019 0.0027 0.002  0.0018 0.0021 0.0017
 0.0024 0.0017 0.0017 0.0016 0.0017 0.0025 0.003  0.0018 0.0013 0.0023
 0.0017 0.0016 0.0017 0.0013 0.0019 0.0025 0.0028 0.0021 0.0029 0.0021
 0.0027 0.0017 0.0019 0.0025 0.0023 0.002  0.0019 0.0016 0.002  0.0018
 0.0022 0.0017 0.0019 0.0018 0.0013 0.0021 0.0019 0.0024 0.0025 0.0016
 0.0015 0.0022 0.0018 0.0018 0.0014 0.0021 0.0019 0.0016 0.0016 0.0019
 0.0024 0.0018 0.0029 0.0019 0.0018 0.0024 0.0024 0.002  0.0013 0.002
 0.0019 0.0019 0.002  0.0015 0.002  0.0021 0.0019 0.0021 0.0025 0.0017
 0.0014 0.0024 0.0018 0.0018 0.0019 0.0017 0.0021 0.0018 0.002  0.0019
 0.0016 0.002  0.0024 0.0027 0.0018 0.002  0.0021 0.0016 0.002  0.0018
 0.002  0.0017 0.0018 0.0016 0.0018 0.0019 0.0026 0.0017 0.0027 0.0016
 0.002  0.002  0.0019 0.0018 0.0021 0.0025 0.0022 0.0018 0.0017 0.0021
 0.0023 0.0017 0.002  0.0023 0.002  0.0021 0.0021 0.0026 0.0023 0.0021
 0.0016 0.0017 0.0021 0.0019 0.0019 0.002  0.0017 0.0019 0.002  0.0022
 0.0019 0.0019 0.002  0.0021 0.0022 0.0021 0.0022 0.0018 0.0018 0.0018
 0.0019 0.0021 0.0018 0.002  0.0017 0.0021 0.0024 0.0022 0.0017 0.002
 0.0024 0.0022 0.0021 0.0018 0.002  0.0022 0.0021 0.0018 0.0019 0.0016
 0.0024 0.0023 0.0019 0.0019 0.002  0.0017 0.0018 0.0018 0.0016 0.0016
 0.0019 0.002  0.0018 0.0024 0.0016 0.002  0.0019 0.0023 0.0021 0.002
 0.0023 0.0023 0.0022 0.0017 0.0019 0.0022 0.0022 0.0024 0.0021 0.0021
 0.0016 0.0019 0.002  0.0021 0.0018 0.002  0.0021 0.0018 0.0024 0.0022
 0.0018 0.002  0.0016 0.0017 0.002  0.0022 0.0019 0.0026 0.0017 0.0019
 0.002  0.0024 0.0018 0.0022 0.002  0.0022 0.0017 0.0018 0.0017 0.0022
 0.002  0.0023 0.0019 0.002  0.0018 0.0025 0.002  0.0019 0.0023 0.0018
 0.0018 0.0015 0.0021 0.0021 0.002  0.0023 0.002  0.0019 0.0022 0.0022
 0.0018 0.002  0.0021 0.002  0.0021 0.0025 0.0022 0.002  0.0016 0.0022
 0.0019 0.002  0.002  0.0019 0.0026 0.0024 0.0018 0.0021 0.0015 0.0021
 0.0021 0.0018 0.0023 0.0023 0.0024 0.0022 0.002  0.0016 0.0022 0.0019
 0.0017 0.0018 0.0019 0.0017 0.0019 0.0017 0.002  0.0018 0.0018 0.0018
 0.002  0.0023 0.0017 0.0025 0.0017 0.002  0.0025 0.0016 0.0021 0.0019
 0.0021 0.0023 0.0016 0.0029 0.0017 0.002  0.0018 0.0017 0.0023 0.0017]
 
 redW = M W M^+ =
[[ 1.9722e-01 -2.6653e-02  1.9940e-03]
 [-5.3311e-05 -3.0046e-01  9.6380e-05]
 [ 1.5119e-03 -1.9487e-02  1.9775e-01]]
 
 spec(redW) = [ 0.1957  0.1992 -0.3005]
 
 redK = M K M^+ =
[[ 4.2480e+01  1.0325e+00 -7.3299e-02]
 [-1.7231e-02  6.1862e+01  7.4099e-02]
 [ 1.0670e-01  8.5274e-01  4.1577e+01]]
 
 spec(redK) = [42.472  41.5827 61.8642]
 
 redA = M A M^+ =
[[ 1.4797 38.9377  2.0328]
 [27.4396 -2.8715 36.0141]
 [ 1.1682 39.1523  1.4051]]
 
 spec(redA) = [ 49.9242  -0.0945 -49.8163]
 
 snmf_frobenius_error = 0.00031051498315919356
 
 onmf_frobenius_error = 3.1106991447539647
 
 onmf_ortho_error = 0.31007168651655437
 
 np.sqrt(||M W - M W M^+M ||^2) = 0.0001

 
 np.sqrt(||M K - M K M^+M ||^2) = 0.0216

 
 np.sqrt(||M A - M A M^+M ||^2) = 0.0133

 
 reduction_matrix_has_rank_n = True
 
 reduction_matrix_is_normalized = True
 
 reduction_matrix_is_positive = True
 
 global reduction_matrix_is_normalized = True
 
 global reduction_matrix_is_positive = True
 ------------------------------------------------------------------------------




---------------------- T1 = A -> T2 = K -> T3 = W------------------------ 

 
 V_T1 = [[ 0.0485  0.0445  0.047  ...  0.0433  0.0553  0.045 ]
 [ 0.0485  0.0445  0.047  ... -0.0433 -0.0553 -0.045 ]
 [ 0.0525  0.092  -0.0004 ...  0.0134  0.0085  0.0205]]
 
 V_T2 = [[0.0947 0.0886 0.0947 ... 0.     0.     0.    ]
 [0.     0.     0.     ... 0.     0.     0.    ]
 [0.     0.     0.     ... 0.0594 0.0792 0.0629]]
 
 V_T3 = [[ 0.0815  0.0807  0.0825 ...  0.      0.      0.    ]
 [ 0.      0.      0.     ...  0.      0.      0.    ]
 [ 0.      0.      0.     ... -0.0657 -0.0677 -0.068 ]]
 
 M = [[2.9644e-323 0.0000e+000 0.0000e+000 ... 5.3146e-003 6.7280e-003
  5.5554e-003]
 [1.0189e-003 4.9726e-003 0.0000e+000 ... 7.7895e-125 5.2588e-214
  1.0192e-075]
 [4.2680e-003 3.7573e-003 3.3531e-003 ... 6.6294e-289 3.4585e-323
  2.6952e-142]]
 
 m = [0.002  0.0031 0.0013 0.0011 0.0021 0.0011 0.0013 0.0011 0.0023 0.0012
 0.0011 0.0011 0.0012 0.0009 0.0011 0.0033 0.001  0.0014 0.0015 0.0018
 0.0015 0.002  0.0025 0.001  0.0023 0.0013 0.002  0.001  0.0019 0.0014
 0.0024 0.0034 0.0012 0.0037 0.0014 0.0023 0.0033 0.0012 0.0019 0.0015
 0.0013 0.001  0.0015 0.0017 0.0012 0.0013 0.0012 0.0018 0.0013 0.0016
 0.0026 0.0012 0.0018 0.0024 0.0013 0.0012 0.0015 0.001  0.0021 0.0011
 0.0013 0.0037 0.0011 0.0013 0.0014 0.0024 0.0017 0.0011 0.0011 0.0015
 0.0014 0.0019 0.0012 0.002  0.0014 0.0018 0.0035 0.0015 0.0015 0.0012
 0.001  0.0014 0.0017 0.0019 0.0031 0.0013 0.0013 0.0014 0.0018 0.002
 0.0011 0.0014 0.0019 0.0014 0.0024 0.0011 0.0012 0.0017 0.0015 0.0015
 0.001  0.0017 0.0012 0.0012 0.0011 0.0017 0.0016 0.0025 0.0026 0.0012
 0.0011 0.0009 0.0016 0.0015 0.0011 0.0012 0.002  0.0012 0.0012 0.0016
 0.001  0.0016 0.0029 0.0014 0.0032 0.0013 0.001  0.0015 0.0011 0.0016
 0.0014 0.0018 0.0014 0.0013 0.0008 0.0027 0.0011 0.0012 0.001  0.0017
 0.0014 0.0035 0.0011 0.0021 0.0012 0.0019 0.0012 0.0009 0.001  0.0014
 0.0014 0.0016 0.0015 0.0011 0.0012 0.0024 0.0032 0.0014 0.0011 0.0018
 0.0013 0.0012 0.0014 0.0014 0.0013 0.0012 0.0013 0.0014 0.0013 0.0015
 0.0018 0.0014 0.0012 0.0029 0.0019 0.0013 0.0012 0.0014 0.0025 0.0014
 0.0018 0.0021 0.0015 0.001  0.0013 0.0013 0.0045 0.0013 0.0016 0.0017
 0.0012 0.0014 0.0025 0.0024 0.0022 0.0015 0.0022 0.0017 0.0011 0.0012
 0.0016 0.0012 0.001  0.0014 0.001  0.0013 0.0027 0.0012 0.0021 0.0015
 0.0023 0.0009 0.0012 0.001  0.0021 0.0034 0.0017 0.0022 0.003  0.0016
 0.0011 0.0011 0.0031 0.0015 0.002  0.0022 0.001  0.0012 0.0012 0.0011
 0.0019 0.0011 0.0013 0.0012 0.0008 0.0014 0.0011 0.0014 0.0014 0.0017
 0.0009 0.0014 0.0029 0.0016 0.0024 0.0009 0.0013 0.0023 0.0016 0.0022
 0.0016 0.0012 0.0037 0.0012 0.0013 0.0031 0.0013 0.0014 0.0011 0.0013
 0.0014 0.0011 0.001  0.003  0.0013 0.0023 0.001  0.0012 0.0024 0.0011
 0.0009 0.0033 0.0011 0.0015 0.0011 0.0012 0.0021 0.0018 0.0023 0.0016
 0.0011 0.0014 0.0025 0.0011 0.0014 0.0015 0.0027 0.0011 0.0017 0.0011
 0.0012 0.0014 0.0011 0.0011 0.0013 0.0014 0.0017 0.0015 0.0013 0.003
 0.008  0.0022 0.0035 0.0015 0.0017 0.002  0.0017 0.0015 0.0015 0.0018
 0.0019 0.0014 0.0018 0.0024 0.0043 0.0019 0.0066 0.0021 0.0019 0.0019
 0.0037 0.0029 0.0048 0.0015 0.0017 0.0033 0.0015 0.0015 0.0017 0.0019
 0.0022 0.0018 0.0017 0.0066 0.0017 0.0018 0.0034 0.0046 0.0015 0.0015
 0.0016 0.0017 0.0016 0.0039 0.0017 0.0018 0.002  0.0031 0.0049 0.0018
 0.002  0.002  0.0017 0.0033 0.0017 0.0024 0.0018 0.0016 0.0015 0.0013
 0.0019 0.0017 0.0016 0.0017 0.0017 0.0015 0.0048 0.0015 0.0015 0.0024
 0.0016 0.0017 0.004  0.002  0.0014 0.0017 0.0043 0.0039 0.0034 0.0039
 0.0019 0.0023 0.0019 0.0045 0.0022 0.0025 0.0048 0.0018 0.0046 0.0116
 0.0016 0.0015 0.0017 0.0018 0.0072 0.0016 0.0034 0.0014 0.002  0.0017
 0.004  0.0016 0.0013 0.0015 0.0017 0.0019 0.0017 0.0051 0.0015 0.0016
 0.0017 0.0021 0.0015 0.0017 0.0026 0.0019 0.0093 0.0036 0.0032 0.0019
 0.0017 0.0018 0.0015 0.0065 0.0025 0.0035 0.0017 0.0018 0.0018 0.0016
 0.0019 0.0023 0.0031 0.0027 0.0026 0.0027 0.0017 0.0017 0.0019 0.0018
 0.0024 0.0077 0.0021 0.0058 0.0021 0.0021 0.0019 0.006  0.0014 0.002
 0.0016 0.0016 0.002  0.0016 0.002  0.002  0.0017 0.0062 0.0013 0.0023
 0.0026 0.0015 0.0028 0.0081 0.0019 0.0043 0.0018 0.0014 0.0018 0.003
 0.0022 0.0015 0.0017 0.0028 0.0016 0.0015 0.0045 0.0032 0.0015 0.0016
 0.0018 0.0019 0.0054 0.0022 0.0015 0.0025 0.0092 0.0014 0.0018 0.0016
 0.0019 0.002  0.004  0.0034 0.0015 0.0016 0.0035 0.0015 0.0019 0.0015]
 
 redW = M W M^+ =
[[-3.0009e-01 -1.6749e-04  5.0787e-05]
 [-8.2240e-03 -2.6230e-01  1.3917e-01]
 [-3.1801e-05 -5.2422e-05  2.0029e-01]]
 
 spec(redW) = [-0.3001 -0.2622  0.2003]
 
 redK = M K M^+ =
[[ 6.2294e+01 -1.0267e-01  3.0310e-02]
 [ 4.6848e-01  5.9077e+01 -5.2295e+00]
 [ 5.6476e-03 -2.0457e-02  4.1945e+01]]
 
 spec(redK) = [62.2788 59.0978 41.9388]
 
 redA = M A M^+ =
[[ 0.0743 -0.3814 61.2397]
 [ 9.242   4.1842 40.9511]
 [34.1617  8.9894 -2.7034]]
 
 spec(redA) = [ 49.5938 -49.7558   1.7171]
 
 snmf_frobenius_error = 0.0002615389839987877
 
 onmf_frobenius_error = 0.2404602685626446
 
 onmf_ortho_error = 0.3092025772638615
 
 np.sqrt(||M W - M W M^+M ||^2) = 0.0004

 
 np.sqrt(||M K - M K M^+M ||^2) = 0.0283

 
 np.sqrt(||M A - M A M^+M ||^2) = 0.0286

 
 reduction_matrix_has_rank_n = True
 
 reduction_matrix_is_normalized = True
 
 reduction_matrix_is_positive = True
 
 global reduction_matrix_is_normalized = True
 
 global reduction_matrix_is_positive = True
 ------------------------------------------------------------------------------



