One target
---------------------- T1 = W -> T2 = None -> T3 = None------------------------ 

 
 V_T1 = [[0.0333 0.0333 0.0333 0.0333 0.0333 0.0333 0.0333 0.0333 0.0333 0.0333
  0.0333 0.0333 0.0333 0.0333 0.0333 0.0333 0.0333 0.0333 0.0333 0.0333
  0.0333 0.0333 0.0333 0.0333 0.0333 0.0333 0.0333 0.0333 0.0333 0.0333
  0.     0.     0.     0.     0.     0.     0.     0.     0.     0.
  0.     0.     0.     0.     0.     0.     0.     0.     0.     0.    ]
 [0.     0.     0.     0.     0.     0.     0.     0.     0.     0.
  0.     0.     0.     0.     0.     0.     0.     0.     0.     0.
  0.     0.     0.     0.     0.     0.     0.     0.     0.     0.
  0.05   0.05   0.05   0.05   0.05   0.05   0.05   0.05   0.05   0.05
  0.05   0.05   0.05   0.05   0.05   0.05   0.05   0.05   0.05   0.05  ]]
 
 V_T2 = None
 
 V_T3 = None
 
 M = [[0.0333 0.0333 0.0333 0.0333 0.0333 0.0333 0.0333 0.0333 0.0333 0.0333
  0.0333 0.0333 0.0333 0.0333 0.0333 0.0333 0.0333 0.0333 0.0333 0.0333
  0.0333 0.0333 0.0333 0.0333 0.0333 0.0333 0.0333 0.0333 0.0333 0.0333
  0.     0.     0.     0.     0.     0.     0.     0.     0.     0.
  0.     0.     0.     0.     0.     0.     0.     0.     0.     0.    ]
 [0.     0.     0.     0.     0.     0.     0.     0.     0.     0.
  0.     0.     0.     0.     0.     0.     0.     0.     0.     0.
  0.     0.     0.     0.     0.     0.     0.     0.     0.     0.
  0.05   0.05   0.05   0.05   0.05   0.05   0.05   0.05   0.05   0.05
  0.05   0.05   0.05   0.05   0.05   0.05   0.05   0.05   0.05   0.05  ]]
 
 m = [0.02 0.02 0.02 0.02 0.02 0.02 0.02 0.02 0.02 0.02 0.02 0.02 0.02 0.02
 0.02 0.02 0.02 0.02 0.02 0.02 0.02 0.02 0.02 0.02 0.02 0.02 0.02 0.02
 0.02 0.02 0.02 0.02 0.02 0.02 0.02 0.02 0.02 0.02 0.02 0.02 0.02 0.02
 0.02 0.02 0.02 0.02 0.02 0.02 0.02 0.02]
 
 redW = M W M^+ =
[[ 0.1975  0.    ]
 [ 0.     -0.2963]]
 
 spec(redW) = [ 0.1975 -0.2963]
 
 redK = M K M^+ =
[[4.6667 0.    ]
 [0.     7.    ]]
 
 spec(redK) = [4.6667 7.    ]
 
 redA = M A M^+ =
[[0.     4.6667]
 [7.     0.    ]]
 
 spec(redA) = [ 5.7155 -5.7155]
 
 snmf_frobenius_error = None
 
 onmf_frobenius_error = 0.0
 
 onmf_ortho_error = 2.220446049250313e-16
 
 np.sqrt(||M W - M W M^+M ||^2) = 0.0002

 
 np.sqrt(||M K - M K M^+M ||^2) = 0.0782

 
 np.sqrt(||M A - M A M^+M ||^2) = 0.0694

 
 reduction_matrix_has_rank_n = True
 
 reduction_matrix_is_normalized = True
 
 reduction_matrix_is_positive = True
 
 global reduction_matrix_is_normalized = True
 
 global reduction_matrix_is_positive = True
 ------------------------------------------------------------------------------




---------------------- T1 = K -> T2 = None -> T3 = None------------------------ 

 
 V_T1 = [[0.0333 0.0333 0.0333 0.0333 0.0333 0.0333 0.0333 0.0333 0.0333 0.0333
  0.0333 0.0333 0.0333 0.0333 0.0333 0.0333 0.0333 0.0333 0.0333 0.0333
  0.0333 0.0333 0.0333 0.0333 0.0333 0.0333 0.0333 0.0333 0.0333 0.0333
  0.     0.     0.     0.     0.     0.     0.     0.     0.     0.
  0.     0.     0.     0.     0.     0.     0.     0.     0.     0.    ]
 [0.     0.     0.     0.     0.     0.     0.     0.     0.     0.
  0.     0.     0.     0.     0.     0.     0.     0.     0.     0.
  0.     0.     0.     0.     0.     0.     0.     0.     0.     0.
  0.05   0.05   0.05   0.05   0.05   0.05   0.05   0.05   0.05   0.05
  0.05   0.05   0.05   0.05   0.05   0.05   0.05   0.05   0.05   0.05  ]]
 
 V_T2 = None
 
 V_T3 = None
 
 M = [[0.     0.     0.     0.     0.     0.     0.     0.     0.     0.
  0.     0.     0.     0.     0.     0.     0.     0.     0.     0.
  0.     0.     0.     0.     0.     0.     0.     0.     0.     0.
  0.05   0.05   0.05   0.05   0.05   0.05   0.05   0.05   0.05   0.05
  0.05   0.05   0.05   0.05   0.05   0.05   0.05   0.05   0.05   0.05  ]
 [0.0333 0.0333 0.0333 0.0333 0.0333 0.0333 0.0333 0.0333 0.0333 0.0333
  0.0333 0.0333 0.0333 0.0333 0.0333 0.0333 0.0333 0.0333 0.0333 0.0333
  0.0333 0.0333 0.0333 0.0333 0.0333 0.0333 0.0333 0.0333 0.0333 0.0333
  0.     0.     0.     0.     0.     0.     0.     0.     0.     0.
  0.     0.     0.     0.     0.     0.     0.     0.     0.     0.    ]]
 
 m = [0.02 0.02 0.02 0.02 0.02 0.02 0.02 0.02 0.02 0.02 0.02 0.02 0.02 0.02
 0.02 0.02 0.02 0.02 0.02 0.02 0.02 0.02 0.02 0.02 0.02 0.02 0.02 0.02
 0.02 0.02 0.02 0.02 0.02 0.02 0.02 0.02 0.02 0.02 0.02 0.02 0.02 0.02
 0.02 0.02 0.02 0.02 0.02 0.02 0.02 0.02]
 
 redW = M W M^+ =
[[-2.9632e-01 -9.0633e-18]
 [ 0.0000e+00  1.9755e-01]]
 
 spec(redW) = [-0.2963  0.1975]
 
 redK = M K M^+ =
[[7.0000e+00 2.1410e-16]
 [0.0000e+00 4.6667e+00]]
 
 spec(redK) = [7.     4.6667]
 
 redA = M A M^+ =
[[0.0000e+00 7.0000e+00]
 [4.6667e+00 1.4273e-16]]
 
 spec(redA) = [-5.7155  5.7155]
 
 snmf_frobenius_error = None
 
 onmf_frobenius_error = 0.0
 
 onmf_ortho_error = 2.220446049250313e-16
 
 np.sqrt(||M W - M W M^+M ||^2) = 0.0002

 
 np.sqrt(||M K - M K M^+M ||^2) = 0.0782

 
 np.sqrt(||M A - M A M^+M ||^2) = 0.0694

 
 reduction_matrix_has_rank_n = True
 
 reduction_matrix_is_normalized = True
 
 reduction_matrix_is_positive = True
 
 global reduction_matrix_is_normalized = True
 
 global reduction_matrix_is_positive = True
 ------------------------------------------------------------------------------




---------------------- T1 = A -> T2 = None -> T3 = None------------------------ 

 
 V_T1 = [[ 0.1381  0.1968  0.1184  0.078   0.0502  0.1418  0.1281  0.2019  0.0428
   0.1165  0.2037  0.1117  0.0923  0.0728  0.0625  0.065   0.1592  0.1304
   0.1229  0.0402  0.158   0.1411  0.1386  0.1259  0.0988  0.1107  0.1327
   0.2119  0.1287  0.1041  0.0598  0.2338  0.1934  0.1516  0.1338  0.1358
   0.1056  0.1082  0.1685  0.1194  0.1164  0.112   0.2007  0.166   0.2116
   0.0094  0.2132  0.0446  0.2739  0.135 ]
 [ 0.1381  0.1968  0.1184  0.078   0.0502  0.1418  0.1281  0.2019  0.0428
   0.1165  0.2037  0.1117  0.0923  0.0728  0.0625  0.065   0.1592  0.1304
   0.1229  0.0402  0.158   0.1411  0.1386  0.1259  0.0988  0.1107  0.1327
   0.2119  0.1287  0.1041 -0.0598 -0.2338 -0.1934 -0.1516 -0.1338 -0.1358
  -0.1056 -0.1082 -0.1685 -0.1194 -0.1164 -0.112  -0.2007 -0.166  -0.2116
  -0.0094 -0.2132 -0.0446 -0.2739 -0.135 ]]
 
 V_T2 = None
 
 V_T3 = None
 
 M = [[3.8100e-02 5.4309e-02 3.2682e-02 2.1535e-02 1.3840e-02 3.9129e-02
  3.5352e-02 5.5716e-02 1.1809e-02 3.2157e-02 5.6199e-02 3.0835e-02
  2.5477e-02 2.0084e-02 1.7254e-02 1.7931e-02 4.3939e-02 3.5978e-02
  3.3907e-02 1.1087e-02 4.3605e-02 3.8944e-02 3.8233e-02 3.4731e-02
  2.7274e-02 3.0559e-02 3.6623e-02 5.8466e-02 3.5511e-02 2.8734e-02
  0.0000e+00 0.0000e+00 0.0000e+00 0.0000e+00 0.0000e+00 0.0000e+00
  0.0000e+00 0.0000e+00 0.0000e+00 0.0000e+00 0.0000e+00 0.0000e+00
  0.0000e+00 0.0000e+00 0.0000e+00 0.0000e+00 0.0000e+00 0.0000e+00
  1.7272e-17 0.0000e+00]
 [0.0000e+00 0.0000e+00 0.0000e+00 0.0000e+00 0.0000e+00 0.0000e+00
  0.0000e+00 0.0000e+00 0.0000e+00 0.0000e+00 0.0000e+00 0.0000e+00
  0.0000e+00 0.0000e+00 0.0000e+00 0.0000e+00 0.0000e+00 0.0000e+00
  0.0000e+00 0.0000e+00 0.0000e+00 0.0000e+00 0.0000e+00 0.0000e+00
  0.0000e+00 0.0000e+00 0.0000e+00 0.0000e+00 0.0000e+00 0.0000e+00
  2.0664e-02 8.0813e-02 6.6853e-02 5.2419e-02 4.6263e-02 4.6955e-02
  3.6520e-02 3.7406e-02 5.8261e-02 4.1289e-02 4.0220e-02 3.8725e-02
  6.9383e-02 5.7387e-02 7.3150e-02 3.2404e-03 7.3704e-02 1.5433e-02
  9.4663e-02 4.6651e-02]]
 
 m = [0.0232 0.033  0.0199 0.0131 0.0084 0.0238 0.0215 0.0339 0.0072 0.0195
 0.0342 0.0187 0.0155 0.0122 0.0105 0.0109 0.0267 0.0219 0.0206 0.0067
 0.0265 0.0237 0.0232 0.0211 0.0166 0.0186 0.0223 0.0355 0.0216 0.0175
 0.0081 0.0317 0.0262 0.0206 0.0181 0.0184 0.0143 0.0147 0.0228 0.0162
 0.0158 0.0152 0.0272 0.0225 0.0287 0.0013 0.0289 0.0061 0.0371 0.0183]
 
 redW = M W M^+ =
[[ 1.9732e-01 -4.9098e-18]
 [ 2.1506e-19 -2.9718e-01]]
 
 spec(redW) = [ 0.1973 -0.2972]
 
 redK = M K M^+ =
[[5.8949e+00 4.7897e-16]
 [2.0336e-16 9.2648e+00]]
 
 spec(redK) = [5.8949 9.2648]
 
 redA = M A M^+ =
[[2.2867e-16 5.3245e+00]
 [8.3558e+00 1.3018e-16]]
 
 spec(redA) = [ 6.6701 -6.6701]
 
 snmf_frobenius_error = 2.2904034379094842e-08
 
 onmf_frobenius_error = 1.3270423712126958e-17
 
 onmf_ortho_error = 4.467279514675002e-16
 
 np.sqrt(||M W - M W M^+M ||^2) = 0.0003

 
 np.sqrt(||M K - M K M^+M ||^2) = 0.0784

 
 np.sqrt(||M A - M A M^+M ||^2) = 0.0

 
 reduction_matrix_has_rank_n = True
 
 reduction_matrix_is_normalized = True
 
 reduction_matrix_is_positive = True
 
 global reduction_matrix_is_normalized = True
 
 global reduction_matrix_is_positive = True
 ------------------------------------------------------------------------------



Two target
---------------------- T1 = W -> T2 = K -> T3 = None------------------------ 

 
 V_T1 = [[0.0333 0.0333 0.0333 0.0333 0.0333 0.0333 0.0333 0.0333 0.0333 0.0333
  0.0333 0.0333 0.0333 0.0333 0.0333 0.0333 0.0333 0.0333 0.0333 0.0333
  0.0333 0.0333 0.0333 0.0333 0.0333 0.0333 0.0333 0.0333 0.0333 0.0333
  0.     0.     0.     0.     0.     0.     0.     0.     0.     0.
  0.     0.     0.     0.     0.     0.     0.     0.     0.     0.    ]
 [0.     0.     0.     0.     0.     0.     0.     0.     0.     0.
  0.     0.     0.     0.     0.     0.     0.     0.     0.     0.
  0.     0.     0.     0.     0.     0.     0.     0.     0.     0.
  0.05   0.05   0.05   0.05   0.05   0.05   0.05   0.05   0.05   0.05
  0.05   0.05   0.05   0.05   0.05   0.05   0.05   0.05   0.05   0.05  ]]
 
 V_T2 = [[0.0333 0.0333 0.0333 0.0333 0.0333 0.0333 0.0333 0.0333 0.0333 0.0333
  0.0333 0.0333 0.0333 0.0333 0.0333 0.0333 0.0333 0.0333 0.0333 0.0333
  0.0333 0.0333 0.0333 0.0333 0.0333 0.0333 0.0333 0.0333 0.0333 0.0333
  0.     0.     0.     0.     0.     0.     0.     0.     0.     0.
  0.     0.     0.     0.     0.     0.     0.     0.     0.     0.    ]
 [0.     0.     0.     0.     0.     0.     0.     0.     0.     0.
  0.     0.     0.     0.     0.     0.     0.     0.     0.     0.
  0.     0.     0.     0.     0.     0.     0.     0.     0.     0.
  0.05   0.05   0.05   0.05   0.05   0.05   0.05   0.05   0.05   0.05
  0.05   0.05   0.05   0.05   0.05   0.05   0.05   0.05   0.05   0.05  ]]
 
 V_T3 = None
 
 M = [[0.     0.     0.     0.     0.     0.     0.     0.     0.     0.
  0.     0.     0.     0.     0.     0.     0.     0.     0.     0.
  0.     0.     0.     0.     0.     0.     0.     0.     0.     0.
  0.05   0.05   0.05   0.05   0.05   0.05   0.05   0.05   0.05   0.05
  0.05   0.05   0.05   0.05   0.05   0.05   0.05   0.05   0.05   0.05  ]
 [0.0333 0.0333 0.0333 0.0333 0.0333 0.0333 0.0333 0.0333 0.0333 0.0333
  0.0333 0.0333 0.0333 0.0333 0.0333 0.0333 0.0333 0.0333 0.0333 0.0333
  0.0333 0.0333 0.0333 0.0333 0.0333 0.0333 0.0333 0.0333 0.0333 0.0333
  0.     0.     0.     0.     0.     0.     0.     0.     0.     0.
  0.     0.     0.     0.     0.     0.     0.     0.     0.     0.    ]]
 
 m = [0.02 0.02 0.02 0.02 0.02 0.02 0.02 0.02 0.02 0.02 0.02 0.02 0.02 0.02
 0.02 0.02 0.02 0.02 0.02 0.02 0.02 0.02 0.02 0.02 0.02 0.02 0.02 0.02
 0.02 0.02 0.02 0.02 0.02 0.02 0.02 0.02 0.02 0.02 0.02 0.02 0.02 0.02
 0.02 0.02 0.02 0.02 0.02 0.02 0.02 0.02]
 
 redW = M W M^+ =
[[-2.9632e-01 -9.0633e-18]
 [ 0.0000e+00  1.9755e-01]]
 
 spec(redW) = [-0.2963  0.1975]
 
 redK = M K M^+ =
[[7.0000e+00 2.1410e-16]
 [0.0000e+00 4.6667e+00]]
 
 spec(redK) = [7.     4.6667]
 
 redA = M A M^+ =
[[0.0000e+00 7.0000e+00]
 [4.6667e+00 1.4273e-16]]
 
 spec(redA) = [-5.7155  5.7155]
 
 snmf_frobenius_error = None
 
 onmf_frobenius_error = 0.0
 
 onmf_ortho_error = 7.021666937153402e-16
 
 np.sqrt(||M W - M W M^+M ||^2) = 0.0002

 
 np.sqrt(||M K - M K M^+M ||^2) = 0.0782

 
 np.sqrt(||M A - M A M^+M ||^2) = 0.0694

 
 reduction_matrix_has_rank_n = True
 
 reduction_matrix_is_normalized = True
 
 reduction_matrix_is_positive = True
 
 global reduction_matrix_is_normalized = True
 
 global reduction_matrix_is_positive = True
 ------------------------------------------------------------------------------




---------------------- T1 = W -> T2 = A -> T3 = None------------------------ 

 
 V_T1 = [[0.0333 0.0333 0.0333 0.0333 0.0333 0.0333 0.0333 0.0333 0.0333 0.0333
  0.0333 0.0333 0.0333 0.0333 0.0333 0.0333 0.0333 0.0333 0.0333 0.0333
  0.0333 0.0333 0.0333 0.0333 0.0333 0.0333 0.0333 0.0333 0.0333 0.0333
  0.     0.     0.     0.     0.     0.     0.     0.     0.     0.
  0.     0.     0.     0.     0.     0.     0.     0.     0.     0.    ]
 [0.     0.     0.     0.     0.     0.     0.     0.     0.     0.
  0.     0.     0.     0.     0.     0.     0.     0.     0.     0.
  0.     0.     0.     0.     0.     0.     0.     0.     0.     0.
  0.05   0.05   0.05   0.05   0.05   0.05   0.05   0.05   0.05   0.05
  0.05   0.05   0.05   0.05   0.05   0.05   0.05   0.05   0.05   0.05  ]]
 
 V_T2 = [[ 0.1381  0.1968  0.1184  0.078   0.0502  0.1418  0.1281  0.2019  0.0428
   0.1165  0.2037  0.1117  0.0923  0.0728  0.0625  0.065   0.1592  0.1304
   0.1229  0.0402  0.158   0.1411  0.1386  0.1259  0.0988  0.1107  0.1327
   0.2119  0.1287  0.1041  0.0598  0.2338  0.1934  0.1516  0.1338  0.1358
   0.1056  0.1082  0.1685  0.1194  0.1164  0.112   0.2007  0.166   0.2116
   0.0094  0.2132  0.0446  0.2739  0.135 ]
 [ 0.1381  0.1968  0.1184  0.078   0.0502  0.1418  0.1281  0.2019  0.0428
   0.1165  0.2037  0.1117  0.0923  0.0728  0.0625  0.065   0.1592  0.1304
   0.1229  0.0402  0.158   0.1411  0.1386  0.1259  0.0988  0.1107  0.1327
   0.2119  0.1287  0.1041 -0.0598 -0.2338 -0.1934 -0.1516 -0.1338 -0.1358
  -0.1056 -0.1082 -0.1685 -0.1194 -0.1164 -0.112  -0.2007 -0.166  -0.2116
  -0.0094 -0.2132 -0.0446 -0.2739 -0.135 ]]
 
 V_T3 = None
 
 M = [[0.0000e+00 0.0000e+00 0.0000e+00 0.0000e+00 0.0000e+00 0.0000e+00
  0.0000e+00 0.0000e+00 0.0000e+00 0.0000e+00 0.0000e+00 0.0000e+00
  0.0000e+00 0.0000e+00 0.0000e+00 0.0000e+00 0.0000e+00 0.0000e+00
  0.0000e+00 0.0000e+00 0.0000e+00 0.0000e+00 0.0000e+00 0.0000e+00
  0.0000e+00 0.0000e+00 0.0000e+00 0.0000e+00 0.0000e+00 0.0000e+00
  5.0000e-02 5.0000e-02 5.0000e-02 5.0000e-02 5.0000e-02 5.0000e-02
  5.0000e-02 5.0000e-02 5.0000e-02 5.0000e-02 5.0000e-02 5.0000e-02
  5.0000e-02 5.0000e-02 5.0000e-02 5.0000e-02 5.0000e-02 5.0000e-02
  5.0000e-02 5.0000e-02]
 [3.3333e-02 3.3333e-02 3.3333e-02 3.3333e-02 3.3333e-02 3.3333e-02
  3.3333e-02 3.3333e-02 3.3333e-02 3.3333e-02 3.3333e-02 3.3333e-02
  3.3333e-02 3.3333e-02 3.3333e-02 3.3333e-02 3.3333e-02 3.3333e-02
  3.3333e-02 3.3333e-02 3.3333e-02 3.3333e-02 3.3333e-02 3.3333e-02
  3.3333e-02 3.3333e-02 3.3333e-02 3.3333e-02 3.3333e-02 3.3333e-02
  0.0000e+00 0.0000e+00 0.0000e+00 0.0000e+00 0.0000e+00 0.0000e+00
  0.0000e+00 0.0000e+00 3.0491e-17 0.0000e+00 0.0000e+00 0.0000e+00
  0.0000e+00 0.0000e+00 0.0000e+00 0.0000e+00 0.0000e+00 0.0000e+00
  0.0000e+00 0.0000e+00]]
 
 m = [0.0203 0.0203 0.0203 0.0203 0.0203 0.0203 0.0203 0.0203 0.0203 0.0203
 0.0203 0.0203 0.0203 0.0203 0.0203 0.0203 0.0203 0.0203 0.0203 0.0203
 0.0203 0.0203 0.0203 0.0203 0.0203 0.0203 0.0203 0.0203 0.0203 0.0203
 0.0196 0.0196 0.0196 0.0196 0.0196 0.0196 0.0196 0.0196 0.0196 0.0196
 0.0196 0.0196 0.0196 0.0196 0.0196 0.0196 0.0196 0.0196 0.0196 0.0196]
 
 redW = M W M^+ =
[[-2.9632e-01 -1.1438e-17]
 [-1.5258e-17  1.9755e-01]]
 
 spec(redW) = [-0.2963  0.1975]
 
 redK = M K M^+ =
[[7.0000e+00 3.6558e-16]
 [1.2960e-16 4.6667e+00]]
 
 spec(redK) = [7.     4.6667]
 
 redA = M A M^+ =
[[-2.1722e-16  7.0000e+00]
 [ 4.6667e+00  5.1813e-16]]
 
 spec(redA) = [-5.7155  5.7155]
 
 snmf_frobenius_error = 1.4109191785290971e-08
 
 onmf_frobenius_error = 8.567134096601577e-18
 
 onmf_ortho_error = 2.282385735764059e-16
 
 np.sqrt(||M W - M W M^+M ||^2) = 0.0002

 
 np.sqrt(||M K - M K M^+M ||^2) = 0.0782

 
 np.sqrt(||M A - M A M^+M ||^2) = 0.0694

 
 reduction_matrix_has_rank_n = True
 
 reduction_matrix_is_normalized = True
 
 reduction_matrix_is_positive = True
 
 global reduction_matrix_is_normalized = True
 
 global reduction_matrix_is_positive = True
 ------------------------------------------------------------------------------




---------------------- T1 = K -> T2 = W -> T3 = None------------------------ 

 
 V_T1 = [[0.0333 0.0333 0.0333 0.0333 0.0333 0.0333 0.0333 0.0333 0.0333 0.0333
  0.0333 0.0333 0.0333 0.0333 0.0333 0.0333 0.0333 0.0333 0.0333 0.0333
  0.0333 0.0333 0.0333 0.0333 0.0333 0.0333 0.0333 0.0333 0.0333 0.0333
  0.     0.     0.     0.     0.     0.     0.     0.     0.     0.
  0.     0.     0.     0.     0.     0.     0.     0.     0.     0.    ]
 [0.     0.     0.     0.     0.     0.     0.     0.     0.     0.
  0.     0.     0.     0.     0.     0.     0.     0.     0.     0.
  0.     0.     0.     0.     0.     0.     0.     0.     0.     0.
  0.05   0.05   0.05   0.05   0.05   0.05   0.05   0.05   0.05   0.05
  0.05   0.05   0.05   0.05   0.05   0.05   0.05   0.05   0.05   0.05  ]]
 
 V_T2 = [[0.0333 0.0333 0.0333 0.0333 0.0333 0.0333 0.0333 0.0333 0.0333 0.0333
  0.0333 0.0333 0.0333 0.0333 0.0333 0.0333 0.0333 0.0333 0.0333 0.0333
  0.0333 0.0333 0.0333 0.0333 0.0333 0.0333 0.0333 0.0333 0.0333 0.0333
  0.     0.     0.     0.     0.     0.     0.     0.     0.     0.
  0.     0.     0.     0.     0.     0.     0.     0.     0.     0.    ]
 [0.     0.     0.     0.     0.     0.     0.     0.     0.     0.
  0.     0.     0.     0.     0.     0.     0.     0.     0.     0.
  0.     0.     0.     0.     0.     0.     0.     0.     0.     0.
  0.05   0.05   0.05   0.05   0.05   0.05   0.05   0.05   0.05   0.05
  0.05   0.05   0.05   0.05   0.05   0.05   0.05   0.05   0.05   0.05  ]]
 
 V_T3 = None
 
 M = [[0.0333 0.0333 0.0333 0.0333 0.0333 0.0333 0.0333 0.0333 0.0333 0.0333
  0.0333 0.0333 0.0333 0.0333 0.0333 0.0333 0.0333 0.0333 0.0333 0.0333
  0.0333 0.0333 0.0333 0.0333 0.0333 0.0333 0.0333 0.0333 0.0333 0.0333
  0.     0.     0.     0.     0.     0.     0.     0.     0.     0.
  0.     0.     0.     0.     0.     0.     0.     0.     0.     0.    ]
 [0.     0.     0.     0.     0.     0.     0.     0.     0.     0.
  0.     0.     0.     0.     0.     0.     0.     0.     0.     0.
  0.     0.     0.     0.     0.     0.     0.     0.     0.     0.
  0.05   0.05   0.05   0.05   0.05   0.05   0.05   0.05   0.05   0.05
  0.05   0.05   0.05   0.05   0.05   0.05   0.05   0.05   0.05   0.05  ]]
 
 m = [0.02 0.02 0.02 0.02 0.02 0.02 0.02 0.02 0.02 0.02 0.02 0.02 0.02 0.02
 0.02 0.02 0.02 0.02 0.02 0.02 0.02 0.02 0.02 0.02 0.02 0.02 0.02 0.02
 0.02 0.02 0.02 0.02 0.02 0.02 0.02 0.02 0.02 0.02 0.02 0.02 0.02 0.02
 0.02 0.02 0.02 0.02 0.02 0.02 0.02 0.02]
 
 redW = M W M^+ =
[[ 0.1975  0.    ]
 [ 0.     -0.2963]]
 
 spec(redW) = [ 0.1975 -0.2963]
 
 redK = M K M^+ =
[[4.6667 0.    ]
 [0.     7.    ]]
 
 spec(redK) = [4.6667 7.    ]
 
 redA = M A M^+ =
[[0.     4.6667]
 [7.     0.    ]]
 
 spec(redA) = [ 5.7155 -5.7155]
 
 snmf_frobenius_error = None
 
 onmf_frobenius_error = 0.0
 
 onmf_ortho_error = 2.220446049250313e-16
 
 np.sqrt(||M W - M W M^+M ||^2) = 0.0002

 
 np.sqrt(||M K - M K M^+M ||^2) = 0.0782

 
 np.sqrt(||M A - M A M^+M ||^2) = 0.0694

 
 reduction_matrix_has_rank_n = True
 
 reduction_matrix_is_normalized = True
 
 reduction_matrix_is_positive = True
 
 global reduction_matrix_is_normalized = True
 
 global reduction_matrix_is_positive = True
 ------------------------------------------------------------------------------




---------------------- T1 = K -> T2 = A -> T3 = None------------------------ 

 
 V_T1 = [[0.0333 0.0333 0.0333 0.0333 0.0333 0.0333 0.0333 0.0333 0.0333 0.0333
  0.0333 0.0333 0.0333 0.0333 0.0333 0.0333 0.0333 0.0333 0.0333 0.0333
  0.0333 0.0333 0.0333 0.0333 0.0333 0.0333 0.0333 0.0333 0.0333 0.0333
  0.     0.     0.     0.     0.     0.     0.     0.     0.     0.
  0.     0.     0.     0.     0.     0.     0.     0.     0.     0.    ]
 [0.     0.     0.     0.     0.     0.     0.     0.     0.     0.
  0.     0.     0.     0.     0.     0.     0.     0.     0.     0.
  0.     0.     0.     0.     0.     0.     0.     0.     0.     0.
  0.05   0.05   0.05   0.05   0.05   0.05   0.05   0.05   0.05   0.05
  0.05   0.05   0.05   0.05   0.05   0.05   0.05   0.05   0.05   0.05  ]]
 
 V_T2 = [[ 0.1381  0.1968  0.1184  0.078   0.0502  0.1418  0.1281  0.2019  0.0428
   0.1165  0.2037  0.1117  0.0923  0.0728  0.0625  0.065   0.1592  0.1304
   0.1229  0.0402  0.158   0.1411  0.1386  0.1259  0.0988  0.1107  0.1327
   0.2119  0.1287  0.1041  0.0598  0.2338  0.1934  0.1516  0.1338  0.1358
   0.1056  0.1082  0.1685  0.1194  0.1164  0.112   0.2007  0.166   0.2116
   0.0094  0.2132  0.0446  0.2739  0.135 ]
 [ 0.1381  0.1968  0.1184  0.078   0.0502  0.1418  0.1281  0.2019  0.0428
   0.1165  0.2037  0.1117  0.0923  0.0728  0.0625  0.065   0.1592  0.1304
   0.1229  0.0402  0.158   0.1411  0.1386  0.1259  0.0988  0.1107  0.1327
   0.2119  0.1287  0.1041 -0.0598 -0.2338 -0.1934 -0.1516 -0.1338 -0.1358
  -0.1056 -0.1082 -0.1685 -0.1194 -0.1164 -0.112  -0.2007 -0.166  -0.2116
  -0.0094 -0.2132 -0.0446 -0.2739 -0.135 ]]
 
 V_T3 = None
 
 M = [[0.0000e+00 0.0000e+00 0.0000e+00 0.0000e+00 0.0000e+00 0.0000e+00
  0.0000e+00 0.0000e+00 0.0000e+00 0.0000e+00 0.0000e+00 0.0000e+00
  0.0000e+00 0.0000e+00 0.0000e+00 0.0000e+00 0.0000e+00 0.0000e+00
  0.0000e+00 0.0000e+00 0.0000e+00 0.0000e+00 0.0000e+00 0.0000e+00
  0.0000e+00 0.0000e+00 0.0000e+00 0.0000e+00 0.0000e+00 0.0000e+00
  5.0000e-02 5.0000e-02 5.0000e-02 5.0000e-02 5.0000e-02 5.0000e-02
  5.0000e-02 5.0000e-02 5.0000e-02 5.0000e-02 5.0000e-02 5.0000e-02
  5.0000e-02 5.0000e-02 5.0000e-02 5.0000e-02 5.0000e-02 5.0000e-02
  5.0000e-02 5.0000e-02]
 [3.3333e-02 3.3333e-02 3.3333e-02 3.3333e-02 3.3333e-02 3.3333e-02
  3.3333e-02 3.3333e-02 3.3333e-02 3.3333e-02 3.3333e-02 3.3333e-02
  3.3333e-02 3.3333e-02 3.3333e-02 3.3333e-02 3.3333e-02 3.3333e-02
  3.3333e-02 3.3333e-02 3.3333e-02 3.3333e-02 3.3333e-02 3.3333e-02
  3.3333e-02 3.3333e-02 3.3333e-02 3.3333e-02 3.3333e-02 3.3333e-02
  0.0000e+00 0.0000e+00 0.0000e+00 0.0000e+00 0.0000e+00 0.0000e+00
  0.0000e+00 0.0000e+00 0.0000e+00 0.0000e+00 0.0000e+00 0.0000e+00
  0.0000e+00 0.0000e+00 4.6498e-16 0.0000e+00 0.0000e+00 0.0000e+00
  0.0000e+00 0.0000e+00]]
 
 m = [0.0203 0.0203 0.0203 0.0203 0.0203 0.0203 0.0203 0.0203 0.0203 0.0203
 0.0203 0.0203 0.0203 0.0203 0.0203 0.0203 0.0203 0.0203 0.0203 0.0203
 0.0203 0.0203 0.0203 0.0203 0.0203 0.0203 0.0203 0.0203 0.0203 0.0203
 0.0196 0.0196 0.0196 0.0196 0.0196 0.0196 0.0196 0.0196 0.0196 0.0196
 0.0196 0.0196 0.0196 0.0196 0.0196 0.0196 0.0196 0.0196 0.0196 0.0196]
 
 redW = M W M^+ =
[[-2.9632e-01 -1.4417e-16]
 [-2.3026e-16  1.9755e-01]]
 
 spec(redW) = [-0.2963  0.1975]
 
 redK = M K M^+ =
[[7.0000e+00 5.4710e-15]
 [2.4776e-15 4.6667e+00]]
 
 spec(redK) = [7.     4.6667]
 
 redA = M A M^+ =
[[-3.2583e-15  7.0000e+00]
 [ 4.6667e+00  8.2971e-15]]
 
 spec(redA) = [-5.7155  5.7155]
 
 snmf_frobenius_error = 1.560341551706271e-08
 
 onmf_frobenius_error = 1.2727572329407325e-16
 
 onmf_ortho_error = 8.354187840836002e-16
 
 np.sqrt(||M W - M W M^+M ||^2) = 0.0002

 
 np.sqrt(||M K - M K M^+M ||^2) = 0.0782

 
 np.sqrt(||M A - M A M^+M ||^2) = 0.0694

 
 reduction_matrix_has_rank_n = True
 
 reduction_matrix_is_normalized = True
 
 reduction_matrix_is_positive = True
 
 global reduction_matrix_is_normalized = True
 
 global reduction_matrix_is_positive = True
 ------------------------------------------------------------------------------




---------------------- T1 = A -> T2 = W -> T3 = None------------------------ 

 
 V_T1 = [[ 0.1381  0.1968  0.1184  0.078   0.0502  0.1418  0.1281  0.2019  0.0428
   0.1165  0.2037  0.1117  0.0923  0.0728  0.0625  0.065   0.1592  0.1304
   0.1229  0.0402  0.158   0.1411  0.1386  0.1259  0.0988  0.1107  0.1327
   0.2119  0.1287  0.1041  0.0598  0.2338  0.1934  0.1516  0.1338  0.1358
   0.1056  0.1082  0.1685  0.1194  0.1164  0.112   0.2007  0.166   0.2116
   0.0094  0.2132  0.0446  0.2739  0.135 ]
 [ 0.1381  0.1968  0.1184  0.078   0.0502  0.1418  0.1281  0.2019  0.0428
   0.1165  0.2037  0.1117  0.0923  0.0728  0.0625  0.065   0.1592  0.1304
   0.1229  0.0402  0.158   0.1411  0.1386  0.1259  0.0988  0.1107  0.1327
   0.2119  0.1287  0.1041 -0.0598 -0.2338 -0.1934 -0.1516 -0.1338 -0.1358
  -0.1056 -0.1082 -0.1685 -0.1194 -0.1164 -0.112  -0.2007 -0.166  -0.2116
  -0.0094 -0.2132 -0.0446 -0.2739 -0.135 ]]
 
 V_T2 = [[0.0333 0.0333 0.0333 0.0333 0.0333 0.0333 0.0333 0.0333 0.0333 0.0333
  0.0333 0.0333 0.0333 0.0333 0.0333 0.0333 0.0333 0.0333 0.0333 0.0333
  0.0333 0.0333 0.0333 0.0333 0.0333 0.0333 0.0333 0.0333 0.0333 0.0333
  0.     0.     0.     0.     0.     0.     0.     0.     0.     0.
  0.     0.     0.     0.     0.     0.     0.     0.     0.     0.    ]
 [0.     0.     0.     0.     0.     0.     0.     0.     0.     0.
  0.     0.     0.     0.     0.     0.     0.     0.     0.     0.
  0.     0.     0.     0.     0.     0.     0.     0.     0.     0.
  0.05   0.05   0.05   0.05   0.05   0.05   0.05   0.05   0.05   0.05
  0.05   0.05   0.05   0.05   0.05   0.05   0.05   0.05   0.05   0.05  ]]
 
 V_T3 = None
 
 M = [[3.8100e-02 5.4309e-02 3.2682e-02 2.1535e-02 1.3840e-02 3.9129e-02
  3.5352e-02 5.5716e-02 1.1809e-02 3.2157e-02 5.6199e-02 3.0835e-02
  2.5477e-02 2.0084e-02 1.7254e-02 1.7931e-02 4.3939e-02 3.5978e-02
  3.3907e-02 1.1087e-02 4.3605e-02 3.8944e-02 3.8233e-02 3.4731e-02
  2.7274e-02 3.0559e-02 3.6623e-02 5.8466e-02 3.5511e-02 2.8734e-02
  0.0000e+00 0.0000e+00 0.0000e+00 0.0000e+00 0.0000e+00 0.0000e+00
  0.0000e+00 0.0000e+00 0.0000e+00 0.0000e+00 0.0000e+00 0.0000e+00
  0.0000e+00 0.0000e+00 0.0000e+00 0.0000e+00 0.0000e+00 0.0000e+00
  6.3799e-16 0.0000e+00]
 [0.0000e+00 0.0000e+00 0.0000e+00 0.0000e+00 0.0000e+00 0.0000e+00
  0.0000e+00 0.0000e+00 0.0000e+00 0.0000e+00 0.0000e+00 0.0000e+00
  0.0000e+00 0.0000e+00 0.0000e+00 0.0000e+00 0.0000e+00 0.0000e+00
  0.0000e+00 0.0000e+00 0.0000e+00 0.0000e+00 0.0000e+00 0.0000e+00
  0.0000e+00 0.0000e+00 0.0000e+00 0.0000e+00 0.0000e+00 0.0000e+00
  2.0664e-02 8.0813e-02 6.6853e-02 5.2419e-02 4.6263e-02 4.6955e-02
  3.6520e-02 3.7406e-02 5.8261e-02 4.1289e-02 4.0220e-02 3.8725e-02
  6.9383e-02 5.7387e-02 7.3150e-02 3.2404e-03 7.3704e-02 1.5433e-02
  9.4663e-02 4.6651e-02]]
 
 m = [0.0232 0.033  0.0199 0.0131 0.0084 0.0238 0.0215 0.0339 0.0072 0.0195
 0.0342 0.0187 0.0155 0.0122 0.0105 0.0109 0.0267 0.0219 0.0206 0.0067
 0.0265 0.0237 0.0232 0.0211 0.0166 0.0186 0.0223 0.0355 0.0216 0.0175
 0.0081 0.0317 0.0262 0.0206 0.0181 0.0184 0.0143 0.0147 0.0228 0.0162
 0.0158 0.0152 0.0272 0.0225 0.0287 0.0013 0.0289 0.0061 0.0371 0.0183]
 
 redW = M W M^+ =
[[ 1.9732e-01 -1.8200e-16]
 [ 7.9438e-18 -2.9718e-01]]
 
 spec(redW) = [ 0.1973 -0.2972]
 
 redK = M K M^+ =
[[5.8949e+00 1.7470e-14]
 [7.5117e-15 9.2648e+00]]
 
 spec(redK) = [5.8949 9.2648]
 
 redA = M A M^+ =
[[8.4465e-15 5.3245e+00]
 [8.3558e+00 4.8086e-15]]
 
 spec(redA) = [ 6.6701 -6.6701]
 
 snmf_frobenius_error = 1.225056246940332e-07
 
 onmf_frobenius_error = 4.901729918678084e-16
 
 onmf_ortho_error = 1.80455259649813e-15
 
 np.sqrt(||M W - M W M^+M ||^2) = 0.0003

 
 np.sqrt(||M K - M K M^+M ||^2) = 0.0784

 
 np.sqrt(||M A - M A M^+M ||^2) = 0.0

 
 reduction_matrix_has_rank_n = True
 
 reduction_matrix_is_normalized = True
 
 reduction_matrix_is_positive = True
 
 global reduction_matrix_is_normalized = True
 
 global reduction_matrix_is_positive = True
 ------------------------------------------------------------------------------




---------------------- T1 = A -> T2 = K -> T3 = None------------------------ 

 
 V_T1 = [[ 0.1381  0.1968  0.1184  0.078   0.0502  0.1418  0.1281  0.2019  0.0428
   0.1165  0.2037  0.1117  0.0923  0.0728  0.0625  0.065   0.1592  0.1304
   0.1229  0.0402  0.158   0.1411  0.1386  0.1259  0.0988  0.1107  0.1327
   0.2119  0.1287  0.1041  0.0598  0.2338  0.1934  0.1516  0.1338  0.1358
   0.1056  0.1082  0.1685  0.1194  0.1164  0.112   0.2007  0.166   0.2116
   0.0094  0.2132  0.0446  0.2739  0.135 ]
 [ 0.1381  0.1968  0.1184  0.078   0.0502  0.1418  0.1281  0.2019  0.0428
   0.1165  0.2037  0.1117  0.0923  0.0728  0.0625  0.065   0.1592  0.1304
   0.1229  0.0402  0.158   0.1411  0.1386  0.1259  0.0988  0.1107  0.1327
   0.2119  0.1287  0.1041 -0.0598 -0.2338 -0.1934 -0.1516 -0.1338 -0.1358
  -0.1056 -0.1082 -0.1685 -0.1194 -0.1164 -0.112  -0.2007 -0.166  -0.2116
  -0.0094 -0.2132 -0.0446 -0.2739 -0.135 ]]
 
 V_T2 = [[0.0333 0.0333 0.0333 0.0333 0.0333 0.0333 0.0333 0.0333 0.0333 0.0333
  0.0333 0.0333 0.0333 0.0333 0.0333 0.0333 0.0333 0.0333 0.0333 0.0333
  0.0333 0.0333 0.0333 0.0333 0.0333 0.0333 0.0333 0.0333 0.0333 0.0333
  0.     0.     0.     0.     0.     0.     0.     0.     0.     0.
  0.     0.     0.     0.     0.     0.     0.     0.     0.     0.    ]
 [0.     0.     0.     0.     0.     0.     0.     0.     0.     0.
  0.     0.     0.     0.     0.     0.     0.     0.     0.     0.
  0.     0.     0.     0.     0.     0.     0.     0.     0.     0.
  0.05   0.05   0.05   0.05   0.05   0.05   0.05   0.05   0.05   0.05
  0.05   0.05   0.05   0.05   0.05   0.05   0.05   0.05   0.05   0.05  ]]
 
 V_T3 = None
 
 M = [[3.8100e-02 5.4309e-02 3.2682e-02 2.1535e-02 1.3840e-02 3.9129e-02
  3.5352e-02 5.5716e-02 1.1809e-02 3.2157e-02 5.6199e-02 3.0835e-02
  2.5477e-02 2.0084e-02 1.7254e-02 1.7931e-02 4.3939e-02 3.5978e-02
  3.3907e-02 1.1087e-02 4.3605e-02 3.8944e-02 3.8233e-02 3.4731e-02
  2.7274e-02 3.0559e-02 3.6623e-02 5.8466e-02 3.5511e-02 2.8734e-02
  0.0000e+00 0.0000e+00 0.0000e+00 0.0000e+00 0.0000e+00 0.0000e+00
  0.0000e+00 0.0000e+00 0.0000e+00 0.0000e+00 0.0000e+00 0.0000e+00
  0.0000e+00 0.0000e+00 0.0000e+00 0.0000e+00 0.0000e+00 0.0000e+00
  0.0000e+00 0.0000e+00]
 [0.0000e+00 0.0000e+00 0.0000e+00 0.0000e+00 0.0000e+00 0.0000e+00
  0.0000e+00 0.0000e+00 0.0000e+00 0.0000e+00 0.0000e+00 0.0000e+00
  0.0000e+00 0.0000e+00 0.0000e+00 0.0000e+00 0.0000e+00 0.0000e+00
  0.0000e+00 0.0000e+00 0.0000e+00 0.0000e+00 0.0000e+00 0.0000e+00
  0.0000e+00 0.0000e+00 0.0000e+00 1.0318e-13 0.0000e+00 0.0000e+00
  2.0664e-02 8.0813e-02 6.6853e-02 5.2419e-02 4.6263e-02 4.6955e-02
  3.6520e-02 3.7406e-02 5.8261e-02 4.1289e-02 4.0220e-02 3.8725e-02
  6.9383e-02 5.7387e-02 7.3150e-02 3.2404e-03 7.3704e-02 1.5433e-02
  9.4663e-02 4.6651e-02]]
 
 m = [0.0224 0.0319 0.0192 0.0127 0.0081 0.023  0.0208 0.0328 0.0069 0.0189
 0.0331 0.0181 0.015  0.0118 0.0101 0.0105 0.0258 0.0212 0.0199 0.0065
 0.0257 0.0229 0.0225 0.0204 0.016  0.018  0.0215 0.0344 0.0209 0.0169
 0.0085 0.0333 0.0275 0.0216 0.019  0.0193 0.015  0.0154 0.024  0.017
 0.0166 0.0159 0.0286 0.0236 0.0301 0.0013 0.0303 0.0064 0.039  0.0192]
 
 redW = M W M^+ =
[[ 1.9732e-01 -1.6937e-15]
 [ 7.5699e-14 -2.9718e-01]]
 
 spec(redW) = [ 0.1973 -0.2972]
 
 redK = M K M^+ =
[[ 5.8949e+00  2.1263e-13]
 [-2.0041e-13  9.2648e+00]]
 
 spec(redK) = [5.8949 9.2648]
 
 redA = M A M^+ =
[[-8.4371e-13  5.3245e+00]
 [ 8.3558e+00  8.4371e-13]]
 
 spec(redA) = [-6.6701  6.6701]
 
 snmf_frobenius_error = 1.1653589355861834e-07
 
 onmf_frobenius_error = 3.78826727773549e-14
 
 onmf_ortho_error = 1.788849874414779e-13
 
 np.sqrt(||M W - M W M^+M ||^2) = 0.0003

 
 np.sqrt(||M K - M K M^+M ||^2) = 0.0784

 
 np.sqrt(||M A - M A M^+M ||^2) = 0.0

 
 reduction_matrix_has_rank_n = True
 
 reduction_matrix_is_normalized = True
 
 reduction_matrix_is_positive = True
 
 global reduction_matrix_is_normalized = True
 
 global reduction_matrix_is_positive = True
 ------------------------------------------------------------------------------



Three target
---------------------- T1 = W -> T2 = K -> T3 = A------------------------ 

 
 V_T1 = [[0.0333 0.0333 0.0333 0.0333 0.0333 0.0333 0.0333 0.0333 0.0333 0.0333
  0.0333 0.0333 0.0333 0.0333 0.0333 0.0333 0.0333 0.0333 0.0333 0.0333
  0.0333 0.0333 0.0333 0.0333 0.0333 0.0333 0.0333 0.0333 0.0333 0.0333
  0.     0.     0.     0.     0.     0.     0.     0.     0.     0.
  0.     0.     0.     0.     0.     0.     0.     0.     0.     0.    ]
 [0.     0.     0.     0.     0.     0.     0.     0.     0.     0.
  0.     0.     0.     0.     0.     0.     0.     0.     0.     0.
  0.     0.     0.     0.     0.     0.     0.     0.     0.     0.
  0.05   0.05   0.05   0.05   0.05   0.05   0.05   0.05   0.05   0.05
  0.05   0.05   0.05   0.05   0.05   0.05   0.05   0.05   0.05   0.05  ]]
 
 V_T2 = [[0.0333 0.0333 0.0333 0.0333 0.0333 0.0333 0.0333 0.0333 0.0333 0.0333
  0.0333 0.0333 0.0333 0.0333 0.0333 0.0333 0.0333 0.0333 0.0333 0.0333
  0.0333 0.0333 0.0333 0.0333 0.0333 0.0333 0.0333 0.0333 0.0333 0.0333
  0.     0.     0.     0.     0.     0.     0.     0.     0.     0.
  0.     0.     0.     0.     0.     0.     0.     0.     0.     0.    ]
 [0.     0.     0.     0.     0.     0.     0.     0.     0.     0.
  0.     0.     0.     0.     0.     0.     0.     0.     0.     0.
  0.     0.     0.     0.     0.     0.     0.     0.     0.     0.
  0.05   0.05   0.05   0.05   0.05   0.05   0.05   0.05   0.05   0.05
  0.05   0.05   0.05   0.05   0.05   0.05   0.05   0.05   0.05   0.05  ]]
 
 V_T3 = [[ 0.1381  0.1968  0.1184  0.078   0.0502  0.1418  0.1281  0.2019  0.0428
   0.1165  0.2037  0.1117  0.0923  0.0728  0.0625  0.065   0.1592  0.1304
   0.1229  0.0402  0.158   0.1411  0.1386  0.1259  0.0988  0.1107  0.1327
   0.2119  0.1287  0.1041  0.0598  0.2338  0.1934  0.1516  0.1338  0.1358
   0.1056  0.1082  0.1685  0.1194  0.1164  0.112   0.2007  0.166   0.2116
   0.0094  0.2132  0.0446  0.2739  0.135 ]
 [ 0.1381  0.1968  0.1184  0.078   0.0502  0.1418  0.1281  0.2019  0.0428
   0.1165  0.2037  0.1117  0.0923  0.0728  0.0625  0.065   0.1592  0.1304
   0.1229  0.0402  0.158   0.1411  0.1386  0.1259  0.0988  0.1107  0.1327
   0.2119  0.1287  0.1041 -0.0598 -0.2338 -0.1934 -0.1516 -0.1338 -0.1358
  -0.1056 -0.1082 -0.1685 -0.1194 -0.1164 -0.112  -0.2007 -0.166  -0.2116
  -0.0094 -0.2132 -0.0446 -0.2739 -0.135 ]]
 
 M = [[3.3333e-02 3.3333e-02 3.3333e-02 3.3333e-02 3.3333e-02 3.3333e-02
  3.3333e-02 3.3333e-02 3.3333e-02 3.3333e-02 3.3333e-02 3.3333e-02
  3.3333e-02 3.3333e-02 3.3333e-02 3.3333e-02 3.3333e-02 3.3333e-02
  3.3333e-02 3.3333e-02 3.3333e-02 3.3333e-02 3.3333e-02 3.3333e-02
  3.3333e-02 3.3333e-02 3.3333e-02 3.3333e-02 3.3333e-02 3.3333e-02
  0.0000e+00 0.0000e+00 0.0000e+00 0.0000e+00 0.0000e+00 0.0000e+00
  0.0000e+00 0.0000e+00 0.0000e+00 0.0000e+00 0.0000e+00 0.0000e+00
  5.5104e-16 0.0000e+00 0.0000e+00 0.0000e+00 0.0000e+00 0.0000e+00
  0.0000e+00 0.0000e+00]
 [0.0000e+00 0.0000e+00 0.0000e+00 0.0000e+00 0.0000e+00 0.0000e+00
  0.0000e+00 0.0000e+00 0.0000e+00 0.0000e+00 0.0000e+00 0.0000e+00
  0.0000e+00 0.0000e+00 0.0000e+00 0.0000e+00 0.0000e+00 0.0000e+00
  0.0000e+00 0.0000e+00 0.0000e+00 0.0000e+00 0.0000e+00 0.0000e+00
  0.0000e+00 0.0000e+00 0.0000e+00 0.0000e+00 0.0000e+00 0.0000e+00
  5.0000e-02 5.0000e-02 5.0000e-02 5.0000e-02 5.0000e-02 5.0000e-02
  5.0000e-02 5.0000e-02 5.0000e-02 5.0000e-02 5.0000e-02 5.0000e-02
  5.0000e-02 5.0000e-02 5.0000e-02 5.0000e-02 5.0000e-02 5.0000e-02
  5.0000e-02 5.0000e-02]]
 
 m = [0.0203 0.0203 0.0203 0.0203 0.0203 0.0203 0.0203 0.0203 0.0203 0.0203
 0.0203 0.0203 0.0203 0.0203 0.0203 0.0203 0.0203 0.0203 0.0203 0.0203
 0.0203 0.0203 0.0203 0.0203 0.0203 0.0203 0.0203 0.0203 0.0203 0.0203
 0.0196 0.0196 0.0196 0.0196 0.0196 0.0196 0.0196 0.0196 0.0196 0.0196
 0.0196 0.0196 0.0196 0.0196 0.0196 0.0196 0.0196 0.0196 0.0196 0.0196]
 
 redW = M W M^+ =
[[ 1.9755e-01 -1.0824e-16]
 [ 1.0987e-18 -2.9632e-01]]
 
 spec(redW) = [ 0.1975 -0.2963]
 
 redK = M K M^+ =
[[4.6667e+00 6.1875e-15]
 [1.6531e-15 7.0000e+00]]
 
 spec(redK) = [4.6667 7.    ]
 
 redA = M A M^+ =
[[6.0615e-15 4.6667e+00]
 [7.0000e+00 1.8422e-15]]
 
 spec(redA) = [ 5.7155 -5.7155]
 
 snmf_frobenius_error = 1.3461626112251673e-08
 
 onmf_frobenius_error = 1.5083269963307714e-16
 
 onmf_ortho_error = 9.79920785428928e-16
 
 np.sqrt(||M W - M W M^+M ||^2) = 0.0002

 
 np.sqrt(||M K - M K M^+M ||^2) = 0.0782

 
 np.sqrt(||M A - M A M^+M ||^2) = 0.0694

 
 reduction_matrix_has_rank_n = True
 
 reduction_matrix_is_normalized = True
 
 reduction_matrix_is_positive = True
 
 global reduction_matrix_is_normalized = True
 
 global reduction_matrix_is_positive = True
 ------------------------------------------------------------------------------




---------------------- T1 = W -> T2 = A -> T3 = K------------------------ 

 
 V_T1 = [[0.0333 0.0333 0.0333 0.0333 0.0333 0.0333 0.0333 0.0333 0.0333 0.0333
  0.0333 0.0333 0.0333 0.0333 0.0333 0.0333 0.0333 0.0333 0.0333 0.0333
  0.0333 0.0333 0.0333 0.0333 0.0333 0.0333 0.0333 0.0333 0.0333 0.0333
  0.     0.     0.     0.     0.     0.     0.     0.     0.     0.
  0.     0.     0.     0.     0.     0.     0.     0.     0.     0.    ]
 [0.     0.     0.     0.     0.     0.     0.     0.     0.     0.
  0.     0.     0.     0.     0.     0.     0.     0.     0.     0.
  0.     0.     0.     0.     0.     0.     0.     0.     0.     0.
  0.05   0.05   0.05   0.05   0.05   0.05   0.05   0.05   0.05   0.05
  0.05   0.05   0.05   0.05   0.05   0.05   0.05   0.05   0.05   0.05  ]]
 
 V_T2 = [[ 0.1381  0.1968  0.1184  0.078   0.0502  0.1418  0.1281  0.2019  0.0428
   0.1165  0.2037  0.1117  0.0923  0.0728  0.0625  0.065   0.1592  0.1304
   0.1229  0.0402  0.158   0.1411  0.1386  0.1259  0.0988  0.1107  0.1327
   0.2119  0.1287  0.1041  0.0598  0.2338  0.1934  0.1516  0.1338  0.1358
   0.1056  0.1082  0.1685  0.1194  0.1164  0.112   0.2007  0.166   0.2116
   0.0094  0.2132  0.0446  0.2739  0.135 ]
 [ 0.1381  0.1968  0.1184  0.078   0.0502  0.1418  0.1281  0.2019  0.0428
   0.1165  0.2037  0.1117  0.0923  0.0728  0.0625  0.065   0.1592  0.1304
   0.1229  0.0402  0.158   0.1411  0.1386  0.1259  0.0988  0.1107  0.1327
   0.2119  0.1287  0.1041 -0.0598 -0.2338 -0.1934 -0.1516 -0.1338 -0.1358
  -0.1056 -0.1082 -0.1685 -0.1194 -0.1164 -0.112  -0.2007 -0.166  -0.2116
  -0.0094 -0.2132 -0.0446 -0.2739 -0.135 ]]
 
 V_T3 = [[0.0333 0.0333 0.0333 0.0333 0.0333 0.0333 0.0333 0.0333 0.0333 0.0333
  0.0333 0.0333 0.0333 0.0333 0.0333 0.0333 0.0333 0.0333 0.0333 0.0333
  0.0333 0.0333 0.0333 0.0333 0.0333 0.0333 0.0333 0.0333 0.0333 0.0333
  0.     0.     0.     0.     0.     0.     0.     0.     0.     0.
  0.     0.     0.     0.     0.     0.     0.     0.     0.     0.    ]
 [0.     0.     0.     0.     0.     0.     0.     0.     0.     0.
  0.     0.     0.     0.     0.     0.     0.     0.     0.     0.
  0.     0.     0.     0.     0.     0.     0.     0.     0.     0.
  0.05   0.05   0.05   0.05   0.05   0.05   0.05   0.05   0.05   0.05
  0.05   0.05   0.05   0.05   0.05   0.05   0.05   0.05   0.05   0.05  ]]
 
 M = [[3.3333e-02 3.3333e-02 3.3333e-02 3.3333e-02 3.3333e-02 3.3333e-02
  3.3333e-02 3.3333e-02 3.3333e-02 3.3333e-02 3.3333e-02 3.3333e-02
  3.3333e-02 3.3333e-02 3.3333e-02 3.3333e-02 3.3333e-02 3.3333e-02
  3.3333e-02 3.3333e-02 3.3333e-02 3.3333e-02 3.3333e-02 3.3333e-02
  3.3333e-02 3.3333e-02 3.3333e-02 3.3333e-02 3.3333e-02 3.3333e-02
  1.2655e-69 1.2655e-69 1.2655e-69 1.2655e-69 1.2655e-69 1.2655e-69
  1.2655e-69 1.2655e-69 1.2655e-69 1.2655e-69 1.2655e-69 1.2655e-69
  1.2655e-69 1.2655e-69 1.2655e-69 1.2655e-69 1.2655e-69 1.2655e-69
  1.2655e-69 1.2655e-69]
 [0.0000e+00 0.0000e+00 0.0000e+00 0.0000e+00 0.0000e+00 0.0000e+00
  0.0000e+00 0.0000e+00 0.0000e+00 0.0000e+00 0.0000e+00 0.0000e+00
  0.0000e+00 0.0000e+00 0.0000e+00 0.0000e+00 0.0000e+00 0.0000e+00
  0.0000e+00 0.0000e+00 0.0000e+00 0.0000e+00 0.0000e+00 0.0000e+00
  0.0000e+00 0.0000e+00 0.0000e+00 0.0000e+00 0.0000e+00 0.0000e+00
  5.0000e-02 5.0000e-02 5.0000e-02 5.0000e-02 5.0000e-02 5.0000e-02
  5.0000e-02 5.0000e-02 5.0000e-02 5.0000e-02 5.0000e-02 5.0000e-02
  5.0000e-02 5.0000e-02 5.0000e-02 5.0000e-02 5.0000e-02 5.0000e-02
  5.0000e-02 5.0000e-02]]
 
 m = [0.0238 0.0238 0.0238 0.0238 0.0238 0.0238 0.0238 0.0238 0.0238 0.0238
 0.0238 0.0238 0.0238 0.0238 0.0238 0.0238 0.0238 0.0238 0.0238 0.0238
 0.0238 0.0238 0.0238 0.0238 0.0238 0.0238 0.0238 0.0238 0.0238 0.0238
 0.0143 0.0143 0.0143 0.0143 0.0143 0.0143 0.0143 0.0143 0.0143 0.0143
 0.0143 0.0143 0.0143 0.0143 0.0143 0.0143 0.0143 0.0143 0.0143 0.0143]
 
 redW = M W M^+ =
[[ 1.9755e-01 -4.9954e-69]
 [ 0.0000e+00 -2.9632e-01]]
 
 spec(redW) = [ 0.1975 -0.2963]
 
 redK = M K M^+ =
[[4.6667e+00 2.3857e-67]
 [0.0000e+00 7.0000e+00]]
 
 spec(redK) = [4.6667 7.    ]
 
 redA = M A M^+ =
[[1.7717e-67 4.6667e+00]
 [7.0000e+00 9.2098e-68]]
 
 spec(redA) = [ 5.7155 -5.7155]
 
 snmf_frobenius_error = None
 
 onmf_frobenius_error = 3.0998491344692283e-68
 
 onmf_ortho_error = 2.482534153247273e-16
 
 np.sqrt(||M W - M W M^+M ||^2) = 0.0002

 
 np.sqrt(||M K - M K M^+M ||^2) = 0.0782

 
 np.sqrt(||M A - M A M^+M ||^2) = 0.0694

 
 reduction_matrix_has_rank_n = True
 
 reduction_matrix_is_normalized = True
 
 reduction_matrix_is_positive = True
 
 global reduction_matrix_is_normalized = True
 
 global reduction_matrix_is_positive = True
 ------------------------------------------------------------------------------




---------------------- T1 = K -> T2 = W -> T3 = A------------------------ 

 
 V_T1 = [[0.0333 0.0333 0.0333 0.0333 0.0333 0.0333 0.0333 0.0333 0.0333 0.0333
  0.0333 0.0333 0.0333 0.0333 0.0333 0.0333 0.0333 0.0333 0.0333 0.0333
  0.0333 0.0333 0.0333 0.0333 0.0333 0.0333 0.0333 0.0333 0.0333 0.0333
  0.     0.     0.     0.     0.     0.     0.     0.     0.     0.
  0.     0.     0.     0.     0.     0.     0.     0.     0.     0.    ]
 [0.     0.     0.     0.     0.     0.     0.     0.     0.     0.
  0.     0.     0.     0.     0.     0.     0.     0.     0.     0.
  0.     0.     0.     0.     0.     0.     0.     0.     0.     0.
  0.05   0.05   0.05   0.05   0.05   0.05   0.05   0.05   0.05   0.05
  0.05   0.05   0.05   0.05   0.05   0.05   0.05   0.05   0.05   0.05  ]]
 
 V_T2 = [[0.0333 0.0333 0.0333 0.0333 0.0333 0.0333 0.0333 0.0333 0.0333 0.0333
  0.0333 0.0333 0.0333 0.0333 0.0333 0.0333 0.0333 0.0333 0.0333 0.0333
  0.0333 0.0333 0.0333 0.0333 0.0333 0.0333 0.0333 0.0333 0.0333 0.0333
  0.     0.     0.     0.     0.     0.     0.     0.     0.     0.
  0.     0.     0.     0.     0.     0.     0.     0.     0.     0.    ]
 [0.     0.     0.     0.     0.     0.     0.     0.     0.     0.
  0.     0.     0.     0.     0.     0.     0.     0.     0.     0.
  0.     0.     0.     0.     0.     0.     0.     0.     0.     0.
  0.05   0.05   0.05   0.05   0.05   0.05   0.05   0.05   0.05   0.05
  0.05   0.05   0.05   0.05   0.05   0.05   0.05   0.05   0.05   0.05  ]]
 
 V_T3 = [[ 0.1381  0.1968  0.1184  0.078   0.0502  0.1418  0.1281  0.2019  0.0428
   0.1165  0.2037  0.1117  0.0923  0.0728  0.0625  0.065   0.1592  0.1304
   0.1229  0.0402  0.158   0.1411  0.1386  0.1259  0.0988  0.1107  0.1327
   0.2119  0.1287  0.1041  0.0598  0.2338  0.1934  0.1516  0.1338  0.1358
   0.1056  0.1082  0.1685  0.1194  0.1164  0.112   0.2007  0.166   0.2116
   0.0094  0.2132  0.0446  0.2739  0.135 ]
 [ 0.1381  0.1968  0.1184  0.078   0.0502  0.1418  0.1281  0.2019  0.0428
   0.1165  0.2037  0.1117  0.0923  0.0728  0.0625  0.065   0.1592  0.1304
   0.1229  0.0402  0.158   0.1411  0.1386  0.1259  0.0988  0.1107  0.1327
   0.2119  0.1287  0.1041 -0.0598 -0.2338 -0.1934 -0.1516 -0.1338 -0.1358
  -0.1056 -0.1082 -0.1685 -0.1194 -0.1164 -0.112  -0.2007 -0.166  -0.2116
  -0.0094 -0.2132 -0.0446 -0.2739 -0.135 ]]
 
 M = [[0.0000e+000 0.0000e+000 0.0000e+000 0.0000e+000 0.0000e+000 0.0000e+000
  0.0000e+000 0.0000e+000 0.0000e+000 0.0000e+000 0.0000e+000 0.0000e+000
  0.0000e+000 0.0000e+000 0.0000e+000 0.0000e+000 0.0000e+000 0.0000e+000
  0.0000e+000 0.0000e+000 0.0000e+000 0.0000e+000 0.0000e+000 0.0000e+000
  0.0000e+000 0.0000e+000 0.0000e+000 0.0000e+000 0.0000e+000 0.0000e+000
  5.0000e-002 5.0000e-002 5.0000e-002 5.0000e-002 5.0000e-002 5.0000e-002
  5.0000e-002 5.0000e-002 5.0000e-002 5.0000e-002 5.0000e-002 5.0000e-002
  5.0000e-002 5.0000e-002 5.0000e-002 5.0000e-002 5.0000e-002 5.0000e-002
  5.0000e-002 5.0000e-002]
 [3.3333e-002 3.3333e-002 3.3333e-002 3.3333e-002 3.3333e-002 3.3333e-002
  3.3333e-002 3.3333e-002 3.3333e-002 3.3333e-002 3.3333e-002 3.3333e-002
  3.3333e-002 3.3333e-002 3.3333e-002 3.3333e-002 3.3333e-002 3.3333e-002
  3.3333e-002 3.3333e-002 3.3333e-002 3.3333e-002 3.3333e-002 3.3333e-002
  3.3333e-002 3.3333e-002 3.3333e-002 3.3333e-002 3.3333e-002 3.3333e-002
  2.4882e-107 2.4882e-107 2.4882e-107 2.4882e-107 2.4882e-107 2.4882e-107
  2.4882e-107 2.4882e-107 2.4882e-107 2.4882e-107 2.4882e-107 2.4882e-107
  2.4882e-107 2.4882e-107 2.4882e-107 2.4882e-107 2.4882e-107 2.4882e-107
  2.4882e-107 2.4882e-107]]
 
 m = [0.0238 0.0238 0.0238 0.0238 0.0238 0.0238 0.0238 0.0238 0.0238 0.0238
 0.0238 0.0238 0.0238 0.0238 0.0238 0.0238 0.0238 0.0238 0.0238 0.0238
 0.0238 0.0238 0.0238 0.0238 0.0238 0.0238 0.0238 0.0238 0.0238 0.0238
 0.0143 0.0143 0.0143 0.0143 0.0143 0.0143 0.0143 0.0143 0.0143 0.0143
 0.0143 0.0143 0.0143 0.0143 0.0143 0.0143 0.0143 0.0143 0.0143 0.0143]
 
 redW = M W M^+ =
[[-2.9632e-001  1.4380e-017]
 [-1.4746e-106  1.9755e-001]]
 
 spec(redW) = [-0.2963  0.1975]
 
 redK = M K M^+ =
[[ 7.0000e+000 -3.4000e-016]
 [ 3.4834e-105  4.6667e+000]]
 
 spec(redK) = [7.     4.6667]
 
 redA = M A M^+ =
[[ 0.0000e+00  7.0000e+00]
 [ 4.6667e+00 -2.2667e-16]]
 
 spec(redA) = [ 5.7155 -5.7155]
 
 snmf_frobenius_error = 2.7089451393604124e-08
 
 onmf_frobenius_error = 6.0912717595924565e-106
 
 onmf_ortho_error = 2.482534153247273e-16
 
 np.sqrt(||M W - M W M^+M ||^2) = 0.0002

 
 np.sqrt(||M K - M K M^+M ||^2) = 0.0782

 
 np.sqrt(||M A - M A M^+M ||^2) = 0.0694

 
 reduction_matrix_has_rank_n = True
 
 reduction_matrix_is_normalized = True
 
 reduction_matrix_is_positive = True
 
 global reduction_matrix_is_normalized = True
 
 global reduction_matrix_is_positive = True
 ------------------------------------------------------------------------------




---------------------- T1 = K -> T2 = A -> T3 = W------------------------ 

 
 V_T1 = [[0.0333 0.0333 0.0333 0.0333 0.0333 0.0333 0.0333 0.0333 0.0333 0.0333
  0.0333 0.0333 0.0333 0.0333 0.0333 0.0333 0.0333 0.0333 0.0333 0.0333
  0.0333 0.0333 0.0333 0.0333 0.0333 0.0333 0.0333 0.0333 0.0333 0.0333
  0.     0.     0.     0.     0.     0.     0.     0.     0.     0.
  0.     0.     0.     0.     0.     0.     0.     0.     0.     0.    ]
 [0.     0.     0.     0.     0.     0.     0.     0.     0.     0.
  0.     0.     0.     0.     0.     0.     0.     0.     0.     0.
  0.     0.     0.     0.     0.     0.     0.     0.     0.     0.
  0.05   0.05   0.05   0.05   0.05   0.05   0.05   0.05   0.05   0.05
  0.05   0.05   0.05   0.05   0.05   0.05   0.05   0.05   0.05   0.05  ]]
 
 V_T2 = [[ 0.1381  0.1968  0.1184  0.078   0.0502  0.1418  0.1281  0.2019  0.0428
   0.1165  0.2037  0.1117  0.0923  0.0728  0.0625  0.065   0.1592  0.1304
   0.1229  0.0402  0.158   0.1411  0.1386  0.1259  0.0988  0.1107  0.1327
   0.2119  0.1287  0.1041  0.0598  0.2338  0.1934  0.1516  0.1338  0.1358
   0.1056  0.1082  0.1685  0.1194  0.1164  0.112   0.2007  0.166   0.2116
   0.0094  0.2132  0.0446  0.2739  0.135 ]
 [ 0.1381  0.1968  0.1184  0.078   0.0502  0.1418  0.1281  0.2019  0.0428
   0.1165  0.2037  0.1117  0.0923  0.0728  0.0625  0.065   0.1592  0.1304
   0.1229  0.0402  0.158   0.1411  0.1386  0.1259  0.0988  0.1107  0.1327
   0.2119  0.1287  0.1041 -0.0598 -0.2338 -0.1934 -0.1516 -0.1338 -0.1358
  -0.1056 -0.1082 -0.1685 -0.1194 -0.1164 -0.112  -0.2007 -0.166  -0.2116
  -0.0094 -0.2132 -0.0446 -0.2739 -0.135 ]]
 
 V_T3 = [[0.0333 0.0333 0.0333 0.0333 0.0333 0.0333 0.0333 0.0333 0.0333 0.0333
  0.0333 0.0333 0.0333 0.0333 0.0333 0.0333 0.0333 0.0333 0.0333 0.0333
  0.0333 0.0333 0.0333 0.0333 0.0333 0.0333 0.0333 0.0333 0.0333 0.0333
  0.     0.     0.     0.     0.     0.     0.     0.     0.     0.
  0.     0.     0.     0.     0.     0.     0.     0.     0.     0.    ]
 [0.     0.     0.     0.     0.     0.     0.     0.     0.     0.
  0.     0.     0.     0.     0.     0.     0.     0.     0.     0.
  0.     0.     0.     0.     0.     0.     0.     0.     0.     0.
  0.05   0.05   0.05   0.05   0.05   0.05   0.05   0.05   0.05   0.05
  0.05   0.05   0.05   0.05   0.05   0.05   0.05   0.05   0.05   0.05  ]]
 
 M = [[3.3333e-02 3.3333e-02 3.3333e-02 3.3333e-02 3.3333e-02 3.3333e-02
  3.3333e-02 3.3333e-02 3.3333e-02 3.3333e-02 3.3333e-02 3.3333e-02
  3.3333e-02 3.3333e-02 3.3333e-02 3.3333e-02 3.3333e-02 3.3333e-02
  3.3333e-02 3.3333e-02 3.3333e-02 3.3333e-02 3.3333e-02 3.3333e-02
  3.3333e-02 3.3333e-02 3.3333e-02 3.3333e-02 3.3333e-02 3.3333e-02
  6.2505e-70 6.2505e-70 6.2505e-70 6.2505e-70 6.2505e-70 6.2505e-70
  6.2505e-70 6.2505e-70 6.2505e-70 6.2505e-70 6.2505e-70 6.2505e-70
  6.2505e-70 6.2505e-70 6.2505e-70 6.2505e-70 6.2505e-70 6.2505e-70
  6.2505e-70 6.2505e-70]
 [0.0000e+00 0.0000e+00 0.0000e+00 0.0000e+00 0.0000e+00 0.0000e+00
  0.0000e+00 0.0000e+00 0.0000e+00 0.0000e+00 0.0000e+00 0.0000e+00
  0.0000e+00 0.0000e+00 0.0000e+00 0.0000e+00 0.0000e+00 0.0000e+00
  0.0000e+00 0.0000e+00 0.0000e+00 0.0000e+00 0.0000e+00 0.0000e+00
  0.0000e+00 0.0000e+00 0.0000e+00 0.0000e+00 0.0000e+00 0.0000e+00
  5.0000e-02 5.0000e-02 5.0000e-02 5.0000e-02 5.0000e-02 5.0000e-02
  5.0000e-02 5.0000e-02 5.0000e-02 5.0000e-02 5.0000e-02 5.0000e-02
  5.0000e-02 5.0000e-02 5.0000e-02 5.0000e-02 5.0000e-02 5.0000e-02
  5.0000e-02 5.0000e-02]]
 
 m = [0.0238 0.0238 0.0238 0.0238 0.0238 0.0238 0.0238 0.0238 0.0238 0.0238
 0.0238 0.0238 0.0238 0.0238 0.0238 0.0238 0.0238 0.0238 0.0238 0.0238
 0.0238 0.0238 0.0238 0.0238 0.0238 0.0238 0.0238 0.0238 0.0238 0.0238
 0.0143 0.0143 0.0143 0.0143 0.0143 0.0143 0.0143 0.0143 0.0143 0.0143
 0.0143 0.0143 0.0143 0.0143 0.0143 0.0143 0.0143 0.0143 0.0143 0.0143]
 
 redW = M W M^+ =
[[ 1.9755e-01 -2.4673e-69]
 [ 1.2203e-84 -2.9632e-01]]
 
 spec(redW) = [ 0.1975 -0.2963]
 
 redK = M K M^+ =
[[ 4.6667e+00  1.1783e-67]
 [-2.8826e-83  7.0000e+00]]
 
 spec(redK) = [4.6667 7.    ]
 
 redA = M A M^+ =
[[8.7507e-68 4.6667e+00]
 [7.0000e+00 4.5488e-68]]
 
 spec(redA) = [ 5.7155 -5.7155]
 
 snmf_frobenius_error = None
 
 onmf_frobenius_error = 1.5310558339689756e-68
 
 onmf_ortho_error = 2.220446049250313e-16
 
 np.sqrt(||M W - M W M^+M ||^2) = 0.0002

 
 np.sqrt(||M K - M K M^+M ||^2) = 0.0782

 
 np.sqrt(||M A - M A M^+M ||^2) = 0.0694

 
 reduction_matrix_has_rank_n = True
 
 reduction_matrix_is_normalized = True
 
 reduction_matrix_is_positive = True
 
 global reduction_matrix_is_normalized = True
 
 global reduction_matrix_is_positive = True
 ------------------------------------------------------------------------------




---------------------- T1 = A -> T2 = W -> T3 = K------------------------ 

 
 V_T1 = [[ 0.1381  0.1968  0.1184  0.078   0.0502  0.1418  0.1281  0.2019  0.0428
   0.1165  0.2037  0.1117  0.0923  0.0728  0.0625  0.065   0.1592  0.1304
   0.1229  0.0402  0.158   0.1411  0.1386  0.1259  0.0988  0.1107  0.1327
   0.2119  0.1287  0.1041  0.0598  0.2338  0.1934  0.1516  0.1338  0.1358
   0.1056  0.1082  0.1685  0.1194  0.1164  0.112   0.2007  0.166   0.2116
   0.0094  0.2132  0.0446  0.2739  0.135 ]
 [ 0.1381  0.1968  0.1184  0.078   0.0502  0.1418  0.1281  0.2019  0.0428
   0.1165  0.2037  0.1117  0.0923  0.0728  0.0625  0.065   0.1592  0.1304
   0.1229  0.0402  0.158   0.1411  0.1386  0.1259  0.0988  0.1107  0.1327
   0.2119  0.1287  0.1041 -0.0598 -0.2338 -0.1934 -0.1516 -0.1338 -0.1358
  -0.1056 -0.1082 -0.1685 -0.1194 -0.1164 -0.112  -0.2007 -0.166  -0.2116
  -0.0094 -0.2132 -0.0446 -0.2739 -0.135 ]]
 
 V_T2 = [[0.0333 0.0333 0.0333 0.0333 0.0333 0.0333 0.0333 0.0333 0.0333 0.0333
  0.0333 0.0333 0.0333 0.0333 0.0333 0.0333 0.0333 0.0333 0.0333 0.0333
  0.0333 0.0333 0.0333 0.0333 0.0333 0.0333 0.0333 0.0333 0.0333 0.0333
  0.     0.     0.     0.     0.     0.     0.     0.     0.     0.
  0.     0.     0.     0.     0.     0.     0.     0.     0.     0.    ]
 [0.     0.     0.     0.     0.     0.     0.     0.     0.     0.
  0.     0.     0.     0.     0.     0.     0.     0.     0.     0.
  0.     0.     0.     0.     0.     0.     0.     0.     0.     0.
  0.05   0.05   0.05   0.05   0.05   0.05   0.05   0.05   0.05   0.05
  0.05   0.05   0.05   0.05   0.05   0.05   0.05   0.05   0.05   0.05  ]]
 
 V_T3 = [[0.0333 0.0333 0.0333 0.0333 0.0333 0.0333 0.0333 0.0333 0.0333 0.0333
  0.0333 0.0333 0.0333 0.0333 0.0333 0.0333 0.0333 0.0333 0.0333 0.0333
  0.0333 0.0333 0.0333 0.0333 0.0333 0.0333 0.0333 0.0333 0.0333 0.0333
  0.     0.     0.     0.     0.     0.     0.     0.     0.     0.
  0.     0.     0.     0.     0.     0.     0.     0.     0.     0.    ]
 [0.     0.     0.     0.     0.     0.     0.     0.     0.     0.
  0.     0.     0.     0.     0.     0.     0.     0.     0.     0.
  0.     0.     0.     0.     0.     0.     0.     0.     0.     0.
  0.05   0.05   0.05   0.05   0.05   0.05   0.05   0.05   0.05   0.05
  0.05   0.05   0.05   0.05   0.05   0.05   0.05   0.05   0.05   0.05  ]]
 
 M = [[3.8100e-02 5.4309e-02 3.2682e-02 2.1535e-02 1.3840e-02 3.9129e-02
  3.5352e-02 5.5716e-02 1.1809e-02 3.2157e-02 5.6199e-02 3.0835e-02
  2.5477e-02 2.0084e-02 1.7254e-02 1.7931e-02 4.3939e-02 3.5978e-02
  3.3907e-02 1.1087e-02 4.3605e-02 3.8944e-02 3.8233e-02 3.4731e-02
  2.7274e-02 3.0559e-02 3.6623e-02 5.8466e-02 3.5511e-02 2.8734e-02
  0.0000e+00 0.0000e+00 0.0000e+00 0.0000e+00 0.0000e+00 0.0000e+00
  0.0000e+00 0.0000e+00 0.0000e+00 0.0000e+00 0.0000e+00 0.0000e+00
  0.0000e+00 0.0000e+00 0.0000e+00 0.0000e+00 0.0000e+00 0.0000e+00
  3.2560e-16 0.0000e+00]
 [0.0000e+00 0.0000e+00 0.0000e+00 0.0000e+00 0.0000e+00 0.0000e+00
  0.0000e+00 0.0000e+00 0.0000e+00 0.0000e+00 0.0000e+00 0.0000e+00
  0.0000e+00 0.0000e+00 0.0000e+00 0.0000e+00 0.0000e+00 0.0000e+00
  0.0000e+00 0.0000e+00 0.0000e+00 0.0000e+00 0.0000e+00 0.0000e+00
  0.0000e+00 0.0000e+00 0.0000e+00 0.0000e+00 0.0000e+00 0.0000e+00
  2.0664e-02 8.0813e-02 6.6853e-02 5.2419e-02 4.6263e-02 4.6955e-02
  3.6520e-02 3.7406e-02 5.8261e-02 4.1289e-02 4.0220e-02 3.8725e-02
  6.9383e-02 5.7387e-02 7.3150e-02 3.2403e-03 7.3704e-02 1.5433e-02
  9.4663e-02 4.6651e-02]]
 
 m = [0.0232 0.033  0.0199 0.0131 0.0084 0.0238 0.0215 0.0339 0.0072 0.0195
 0.0342 0.0187 0.0155 0.0122 0.0105 0.0109 0.0267 0.0219 0.0206 0.0067
 0.0265 0.0237 0.0232 0.0211 0.0166 0.0186 0.0223 0.0355 0.0216 0.0175
 0.0081 0.0317 0.0262 0.0206 0.0181 0.0184 0.0143 0.0147 0.0228 0.0162
 0.0158 0.0152 0.0272 0.0225 0.0287 0.0013 0.0289 0.0061 0.0371 0.0183]
 
 redW = M W M^+ =
[[ 1.9732e-01 -9.2879e-17]
 [ 4.0542e-18 -2.9718e-01]]
 
 spec(redW) = [ 0.1973 -0.2972]
 
 redK = M K M^+ =
[[5.8949e+00 8.9181e-15]
 [3.8336e-15 9.2648e+00]]
 
 spec(redK) = [5.8949 9.2648]
 
 redA = M A M^+ =
[[4.3107e-15 5.3245e+00]
 [8.3558e+00 2.4541e-15]]
 
 spec(redA) = [ 6.6701 -6.6701]
 
 snmf_frobenius_error = 1.4086656166231153e-07
 
 onmf_frobenius_error = 2.501633931594414e-16
 
 onmf_ortho_error = 9.664088919133958e-16
 
 np.sqrt(||M W - M W M^+M ||^2) = 0.0003

 
 np.sqrt(||M K - M K M^+M ||^2) = 0.0784

 
 np.sqrt(||M A - M A M^+M ||^2) = 0.0

 
 reduction_matrix_has_rank_n = True
 
 reduction_matrix_is_normalized = True
 
 reduction_matrix_is_positive = True
 
 global reduction_matrix_is_normalized = True
 
 global reduction_matrix_is_positive = True
 ------------------------------------------------------------------------------




---------------------- T1 = A -> T2 = K -> T3 = W------------------------ 

 
 V_T1 = [[ 0.1381  0.1968  0.1184  0.078   0.0502  0.1418  0.1281  0.2019  0.0428
   0.1165  0.2037  0.1117  0.0923  0.0728  0.0625  0.065   0.1592  0.1304
   0.1229  0.0402  0.158   0.1411  0.1386  0.1259  0.0988  0.1107  0.1327
   0.2119  0.1287  0.1041  0.0598  0.2338  0.1934  0.1516  0.1338  0.1358
   0.1056  0.1082  0.1685  0.1194  0.1164  0.112   0.2007  0.166   0.2116
   0.0094  0.2132  0.0446  0.2739  0.135 ]
 [ 0.1381  0.1968  0.1184  0.078   0.0502  0.1418  0.1281  0.2019  0.0428
   0.1165  0.2037  0.1117  0.0923  0.0728  0.0625  0.065   0.1592  0.1304
   0.1229  0.0402  0.158   0.1411  0.1386  0.1259  0.0988  0.1107  0.1327
   0.2119  0.1287  0.1041 -0.0598 -0.2338 -0.1934 -0.1516 -0.1338 -0.1358
  -0.1056 -0.1082 -0.1685 -0.1194 -0.1164 -0.112  -0.2007 -0.166  -0.2116
  -0.0094 -0.2132 -0.0446 -0.2739 -0.135 ]]
 
 V_T2 = [[0.0333 0.0333 0.0333 0.0333 0.0333 0.0333 0.0333 0.0333 0.0333 0.0333
  0.0333 0.0333 0.0333 0.0333 0.0333 0.0333 0.0333 0.0333 0.0333 0.0333
  0.0333 0.0333 0.0333 0.0333 0.0333 0.0333 0.0333 0.0333 0.0333 0.0333
  0.     0.     0.     0.     0.     0.     0.     0.     0.     0.
  0.     0.     0.     0.     0.     0.     0.     0.     0.     0.    ]
 [0.     0.     0.     0.     0.     0.     0.     0.     0.     0.
  0.     0.     0.     0.     0.     0.     0.     0.     0.     0.
  0.     0.     0.     0.     0.     0.     0.     0.     0.     0.
  0.05   0.05   0.05   0.05   0.05   0.05   0.05   0.05   0.05   0.05
  0.05   0.05   0.05   0.05   0.05   0.05   0.05   0.05   0.05   0.05  ]]
 
 V_T3 = [[0.0333 0.0333 0.0333 0.0333 0.0333 0.0333 0.0333 0.0333 0.0333 0.0333
  0.0333 0.0333 0.0333 0.0333 0.0333 0.0333 0.0333 0.0333 0.0333 0.0333
  0.0333 0.0333 0.0333 0.0333 0.0333 0.0333 0.0333 0.0333 0.0333 0.0333
  0.     0.     0.     0.     0.     0.     0.     0.     0.     0.
  0.     0.     0.     0.     0.     0.     0.     0.     0.     0.    ]
 [0.     0.     0.     0.     0.     0.     0.     0.     0.     0.
  0.     0.     0.     0.     0.     0.     0.     0.     0.     0.
  0.     0.     0.     0.     0.     0.     0.     0.     0.     0.
  0.05   0.05   0.05   0.05   0.05   0.05   0.05   0.05   0.05   0.05
  0.05   0.05   0.05   0.05   0.05   0.05   0.05   0.05   0.05   0.05  ]]
 
 M = [[3.8100e-02 5.4309e-02 3.2682e-02 2.1535e-02 1.3840e-02 3.9129e-02
  3.5352e-02 5.5716e-02 1.1809e-02 3.2157e-02 5.6199e-02 3.0835e-02
  2.5477e-02 2.0084e-02 1.7254e-02 1.7931e-02 4.3939e-02 3.5978e-02
  3.3907e-02 1.1087e-02 4.3605e-02 3.8944e-02 3.8233e-02 3.4731e-02
  2.7274e-02 3.0559e-02 3.6623e-02 5.8466e-02 3.5511e-02 2.8734e-02
  0.0000e+00 0.0000e+00 0.0000e+00 0.0000e+00 0.0000e+00 0.0000e+00
  0.0000e+00 0.0000e+00 0.0000e+00 0.0000e+00 0.0000e+00 0.0000e+00
  0.0000e+00 0.0000e+00 0.0000e+00 0.0000e+00 0.0000e+00 0.0000e+00
  0.0000e+00 0.0000e+00]
 [0.0000e+00 0.0000e+00 0.0000e+00 0.0000e+00 0.0000e+00 0.0000e+00
  0.0000e+00 0.0000e+00 0.0000e+00 0.0000e+00 0.0000e+00 0.0000e+00
  0.0000e+00 0.0000e+00 0.0000e+00 0.0000e+00 0.0000e+00 0.0000e+00
  0.0000e+00 0.0000e+00 0.0000e+00 0.0000e+00 0.0000e+00 0.0000e+00
  0.0000e+00 1.7682e-15 0.0000e+00 0.0000e+00 0.0000e+00 0.0000e+00
  2.0664e-02 8.0813e-02 6.6853e-02 5.2419e-02 4.6263e-02 4.6955e-02
  3.6520e-02 3.7406e-02 5.8261e-02 4.1289e-02 4.0220e-02 3.8725e-02
  6.9383e-02 5.7387e-02 7.3150e-02 3.2403e-03 7.3704e-02 1.5433e-02
  9.4663e-02 4.6651e-02]]
 
 m = [0.0224 0.0319 0.0192 0.0127 0.0081 0.023  0.0208 0.0328 0.0069 0.0189
 0.0331 0.0181 0.015  0.0118 0.0101 0.0105 0.0258 0.0212 0.0199 0.0065
 0.0257 0.0229 0.0225 0.0204 0.016  0.018  0.0215 0.0344 0.0209 0.0169
 0.0085 0.0333 0.0275 0.0216 0.019  0.0193 0.015  0.0154 0.024  0.017
 0.0166 0.0159 0.0286 0.0236 0.0301 0.0013 0.0303 0.0064 0.039  0.0192]
 
 redW = M W M^+ =
[[ 1.9732e-01  2.7711e-16]
 [ 6.9711e-16 -2.9718e-01]]
 
 spec(redW) = [ 0.1973 -0.2972]
 
 redK = M K M^+ =
[[ 5.8949e+00  7.5781e-15]
 [-6.0530e-15  9.2648e+00]]
 
 spec(redK) = [5.8949 9.2648]
 
 redA = M A M^+ =
[[-7.5570e-15  5.3245e+00]
 [ 8.3558e+00  1.9416e-14]]
 
 spec(redA) = [-6.6701  6.6701]
 
 snmf_frobenius_error = 1.2547229185691636e-07
 
 onmf_frobenius_error = 1.7735195368859276e-16
 
 onmf_ortho_error = 1.617574176741805e-15
 
 np.sqrt(||M W - M W M^+M ||^2) = 0.0003

 
 np.sqrt(||M K - M K M^+M ||^2) = 0.0784

 
 np.sqrt(||M A - M A M^+M ||^2) = 0.0

 
 reduction_matrix_has_rank_n = True
 
 reduction_matrix_is_normalized = True
 
 reduction_matrix_is_positive = True
 
 global reduction_matrix_is_normalized = True
 
 global reduction_matrix_is_positive = True
 ------------------------------------------------------------------------------



