t0 = 0
t1 = 20000
deltat = 1
Number of nodes : N = 500
Dimension of the reduced dynamics : n = 2
theta0 = [ 9.41447347e+00 -6.15570012e+00  7.76882363e+00  8.45212440e+00
 -4.08332116e-01  3.44096006e-01 -1.03424402e+00  7.89124496e+00
  1.05325713e+01 -4.65025481e+00  1.02187733e+01 -1.02096464e+01
 -3.82668445e+00 -9.20400481e+00 -3.99745287e+00 -5.28295495e-01
 -2.57190420e+00  4.69481493e+00 -2.65824202e+00  1.63765296e+00
 -5.49448872e-01 -1.12223223e+00 -6.51397044e+00  1.63721832e+00
 -3.53414954e+00  4.50734302e+00  2.04006963e+00  2.33989344e+00
 -3.61352794e-01 -5.03475650e+00 -1.32557608e+01 -3.03082988e+00
  4.34250054e+00  6.87306247e+00  4.72114812e+00 -6.77707600e+00
 -6.07621625e-01 -3.34374124e+00  4.81701927e+00 -9.47784862e+00
 -2.25031284e+00  3.73160463e-01  4.58404460e-01 -4.43102737e+00
  2.16361141e+00  5.03608619e+00 -7.22509042e+00  2.24958699e+00
  1.36534682e+00  7.33169116e+00 -1.37539849e+00  4.96342793e+00
  9.10668289e+00  1.39328533e+01 -3.63401974e+00 -1.16244922e-01
 -6.73222377e+00  1.33404314e+00  7.14053659e+00  3.97878184e-01
 -3.77339180e+00 -5.75534974e+00  7.76190319e-01  1.23711233e+01
 -6.00947641e+00  6.65868515e+00 -4.89514020e-01  3.80192267e+00
 -6.36161826e+00 -1.50563942e+01  3.39882988e+00  8.41130962e+00
  4.38902608e+00  6.42299073e-01  1.08166695e+01  4.35344242e+00
  4.58203460e+00 -2.25557543e+00 -2.10586159e+00  2.60868192e+00
  8.54995315e+00  5.60219194e+00  7.06526481e+00 -4.35079122e+00
 -2.13218783e+00 -4.24859607e+00 -3.22127255e+00 -8.62887774e+00
  3.25969045e+00  9.01181539e-01 -3.72988152e+00 -5.53797541e+00
  5.39663237e+00  8.19122216e+00 -4.85111390e+00  1.54546496e-02
 -3.39333134e+00  5.28565738e+00 -6.34529313e-01 -2.13804398e+00
  4.95795542e-01 -7.35787942e+00 -4.00721188e+00  1.41701938e+00
 -6.77742836e-01 -9.03745298e+00 -3.42659953e+00  1.28386192e+00
  5.39670845e+00  3.97789107e+00  1.78766603e+00  1.89440816e+00
 -1.46180121e+01  4.35254239e-01 -7.50712943e+00 -1.80735570e+01
  3.23426313e+00 -3.79417609e-01 -9.72818497e+00 -2.09173709e+00
 -1.78868395e+00  7.57307258e+00 -1.32776749e+01  1.30717135e+00
 -1.11469948e+01 -6.72114563e+00  1.61716070e+00 -7.28085685e+00
 -6.18424615e-01 -4.59017678e+00 -1.49346076e+01  2.08053831e+00
 -1.21251751e-01  8.47482794e+00  1.84656608e+00 -9.47159151e+00
 -4.45265371e+00 -9.88173156e+00 -4.99774598e+00 -2.27469015e+00
  1.31224512e+01 -9.18505619e-01 -5.56319543e+00  3.73529249e+00
 -3.17890347e+00 -5.27776139e+00 -5.50620182e+00 -7.48248416e+00
 -8.51906012e+00 -6.60958198e+00 -5.98943739e+00 -6.28546610e+00
  6.94904729e+00  1.93007373e+00  3.96144992e+00  2.25668492e-01
 -3.36878339e+00  2.36393627e+00 -6.92295509e+00 -2.63788456e+00
 -3.84951870e-01 -1.20968277e+01  5.86337964e+00 -6.28016268e+00
  3.88284799e+00  1.82250800e+01  1.34884938e+00 -4.03093471e+00
  6.80860782e-01  6.24594098e+00  6.74622792e+00  4.26942854e+00
 -7.39425120e-02 -1.60281631e+00 -1.23547040e+01 -3.88936781e+00
  2.03688888e+00 -8.31813599e+00 -9.88028294e+00  2.64751037e+00
  1.24974900e+00 -4.68554068e+00  4.59916894e+00 -4.74320615e+00
  1.63792077e+00 -7.52812306e+00 -4.50472213e+00  6.91678201e+00
 -4.70028242e+00  6.93302249e+00 -3.51955871e+00 -2.13910079e+00
 -3.47047212e+00  2.50187648e+00 -1.42330158e+00  2.88694212e+00
 -1.08396977e+01  3.31134637e+00 -4.82813608e+00  6.12351586e-01
  3.17558161e+00  5.29012592e-01  4.75809199e+00 -6.54644755e+00
 -3.26597525e+00  3.77693960e-02 -1.73511033e+00 -4.64909050e+00
 -1.61884577e+01 -6.75999893e+00 -1.75953844e+01 -7.47360593e+00
  1.08148829e+01  9.44660548e+00  4.81748062e+00 -8.76086719e+00
  1.99463634e+00  9.04873443e-01  3.37196416e+00  3.31394873e+00
 -4.97330693e+00 -1.51502088e+00 -5.67477952e+00  3.64134512e+00
 -7.07748220e+00  3.16766886e+00  1.79326605e+00  1.87654199e+00
 -1.39749466e+00  2.81904237e+00  9.56191498e+00  6.91891542e-01
 -3.45893992e+00 -1.54804151e+00  3.63699376e+00  2.46210535e+00
  4.54914432e+00  4.50492354e+00 -7.32877188e+00 -2.87512859e+00
  5.85319460e+00  1.30470794e+00 -3.48826234e+00 -5.67988572e+00
  7.17732697e+00 -4.63003980e+00  6.68637000e-01 -6.95911938e+00
  2.81341347e+00 -8.33591408e+00 -5.09956867e+00  3.06035902e+00
  1.23784585e+00  1.01499023e+01  1.27341756e+01 -4.53141726e+00
  3.22547735e+00  1.67651158e+00  1.00565371e+01  1.34401482e+00
  2.37312577e+00 -3.06880005e+00 -9.86626932e+00  3.49383621e-01
 -1.04281692e+01  1.57033846e+00  2.33095750e+00 -8.33887706e+00
 -5.00798546e-01  2.37921768e+00 -4.64177030e+00 -4.42007061e+00
  2.95458681e+00  1.98726970e+00 -4.47772514e+00 -7.80991736e+00
  1.85808803e+01  1.76403783e-01  1.08023339e+01  5.20314088e-01
 -7.07091256e+00 -4.67589169e+00  6.73464413e-01  1.65584158e+00
 -2.23960990e+00 -3.75154908e+00  1.10674364e+00  4.28204968e+00
 -6.07493241e+00  4.51343751e+00  2.94993352e+00  5.57056176e+00
 -1.57888017e+00 -6.81136625e+00 -6.03066173e+00  8.28131078e+00
 -2.09137729e+00 -8.37774803e+00  1.28835999e+01  1.02089667e+01
 -2.11327002e+00  3.29212210e+00  1.55777879e+00 -8.80953473e-01
  3.24868729e+00  1.43150516e+01 -6.76910472e-01  9.31683467e-01
 -6.75484318e+00 -1.02232693e+00  3.01042882e+00  9.12071478e-01
  4.40629423e+00 -8.81649120e+00  6.73234506e-02 -1.62340046e+00
 -1.60755157e+00  5.03277973e+00 -9.92850684e+00 -1.29146070e+01
 -2.77944359e+00  1.19320517e+01  1.03015636e+01 -1.06619905e+00
 -7.45284506e+00  3.83856638e+00 -1.85247181e+00 -6.27480426e-01
 -3.06672749e+00 -6.34701639e-01  5.26292635e+00  3.85859434e+00
  1.14618451e+00 -2.53079090e-01 -7.67620950e+00 -1.23072331e+01
  1.24865781e+00 -6.65531977e+00 -3.21764751e+00 -2.21456031e+00
  6.58436423e+00 -1.19203431e+00  2.39450907e+00 -1.97008737e+00
 -5.84417862e+00  3.57022775e+00 -9.61217860e-01  7.35677935e+00
 -7.35662580e+00  2.97705440e+00  3.98341842e+00  2.17502440e+00
  7.96439331e+00 -5.58576077e-01 -9.45087539e+00 -3.96168993e-01
 -6.32658997e+00  2.73925360e+00  4.97688773e+00 -5.67397454e+00
 -4.80029658e-01 -4.43880781e+00  8.45453777e+00 -6.60120624e+00
  9.29241780e+00  1.09202917e+00  6.53652893e+00  3.81206381e+00
  1.49274536e+00  7.46124733e+00  1.05274601e+01  3.81215650e+00
  1.42190522e+00 -7.57895956e-01  6.68286692e+00  8.33512897e+00
 -7.23529651e+00 -6.14055363e+00 -3.78785134e+00  6.50996298e+00
  1.03886468e+01  9.60785403e+00 -2.18462770e+00  6.25215149e+00
  1.20243875e+00  1.44470654e+00  1.47488176e+00  2.36100944e+00
 -5.92340155e+00 -1.49737171e+01 -8.68482171e-01 -1.08579624e+00
  1.16832550e+01 -3.94652250e+00 -3.82469865e+00  6.09765811e+00
 -4.83535802e+00  3.68141903e+00 -1.16725190e+00 -3.53766682e+00
 -5.31493219e-01  7.65487618e+00  2.93343124e+00  6.48057509e+00
  4.03772996e+00  1.31720160e+01  5.97538819e+00  1.18317679e+01
 -3.60648295e+00  1.02123225e+00  4.52417071e+00 -7.00978028e+00
  4.79705665e+00  1.74848002e+00  1.30553505e+00  1.15251729e+01
 -6.48215902e+00 -1.66686931e-01 -3.17354218e+00 -7.70389411e+00
  5.46414548e+00 -1.30315262e+00 -2.55993670e+00  6.77854280e+00
 -9.99800793e+00 -1.91635310e+00 -5.50210950e-01  2.59708478e+00
 -7.29105878e+00 -9.80892250e+00 -1.48282643e+00  9.14286684e+00
  1.71891692e+00  8.81523379e+00  1.12082013e+00  8.22362110e+00
  4.75597269e+00 -5.67540361e+00 -2.03977303e+00  2.66845520e+00
  7.16022159e+00 -1.74348465e+00  3.30147714e+00  4.93934824e+00
  5.55444214e+00  1.48475178e+00 -1.35079219e+01 -1.07411111e+01
 -1.58368458e+00 -9.68963020e-01 -1.57666302e+00 -5.87038760e+00
  1.01706417e+01 -4.18115731e+00  1.05107442e+01  1.68403982e+01
  7.43718595e-02 -1.15359570e+00 -8.38664376e-01 -5.20333010e+00
  5.60559275e+00 -1.70584926e+00 -6.03656024e+00 -1.01753637e+01
  1.07024160e+01  3.76607030e+00 -7.67298740e+00 -4.74521446e+00
  9.33855924e+00  9.32845892e+00  2.07743112e+00 -1.01576145e+00
 -1.66602953e+00 -1.29331351e+01  9.65688058e-01  1.53636478e+00
  6.33310322e+00  3.65449600e+00 -7.44794796e+00 -9.11056392e+00
 -8.12117520e+00  1.25344934e+00 -6.86463143e+00 -2.10973156e+00
 -6.77807383e+00  2.01170053e+00 -7.19869141e+00 -4.74945996e+00
 -1.85064577e+01 -4.80471294e+00 -5.65597387e+00  4.82860829e+00
 -6.44950349e+00 -3.51296584e+00 -2.54360198e+00  1.30194482e+01
  1.81072239e+00  7.29518270e+00  3.63231180e-01  4.28297906e-01]
sigma_array = np.array(1.0, 4.0, 50)

 multiple_synchro_transition_dictionary is a dictionary that contains the transitions for all the  possible targets W,K,A,WK,WA,KW,KA,AW,AK,WKA,WAK,KWA,KAW,AWK,AKW. The keys are given below, where {} = all the possible targets: 
  Keys                                                       
 { r_...,                     -> Global synchro observables  
                             of the complete dynamics        
   R_...,                     -> Global synchro observables  
                               of the reduced dynamics       
   r_mu_matrix,               -> Mesoscopic synchro observables  
                                 of the complete dynamics        
   R_mu_matrix...,            -> Mesoscopic synchro observables  
                                 of the reduced dynamics       
  sigma_array, W, K, A, n, N, theta0}

CVM_dictionary path : C:/Users/thivi/Documents/GitHub/network-synch/synch_predictions/graphs/SBM/CVM_data/2020_02_10_11h25min46sec_CVM_dictionary_bipartite_2D_pout_0_2_omega1_0_1.json